0.012000 -86.278395
0.016000 -58.162824
0.020000 -41.735832
0.024000 -30.604761
0.028000 -22.787604
0.032000 -16.935749
0.036000 -12.293112
0.040000 -8.684728
0.044000 -5.871784
0.048000 -3.388510
0.052000 -1.219249
0.056000 0.540139
0.060000 1.984182
0.064000 3.332597
0.068000 4.579210
0.072000 5.669799
0.076000 6.553393
0.080000 7.397341
0.084000 8.220584
0.088000 8.962834
0.092000 9.657358
0.096000 10.228510
0.100000 10.787198
0.104000 11.357883
0.108000 11.917423
0.112000 12.370019
0.116000 12.784716
0.120000 13.264912
0.124000 13.676802
0.128000 14.045305
0.132000 14.299390
0.136000 14.644397
0.140000 14.974072
0.144000 15.237763
0.148000 15.456568
0.152000 15.624164
0.156000 15.838460
0.160000 16.054734
0.164000 16.242859
0.168000 16.370263
0.172000 16.545502
0.176000 16.702564
0.180000 16.808120
0.184000 16.965473
0.188000 17.113244
0.192000 17.187913
0.196000 17.322833
0.200000 17.502633
0.204000 17.606618
0.208000 17.764522
0.212000 17.894701
0.216000 18.010139
0.220000 18.264244
0.224000 18.366477
0.228000 18.344475
0.232000 18.366770
0.236000 18.357957
0.240000 18.425185
0.244000 18.568059
0.248000 18.758936
0.252000 18.945176
0.256000 19.142206
0.260000 19.235384
0.264000 19.313296
0.268000 19.455231
0.272000 19.480947
0.276000 19.462479
0.280000 19.481264
0.284000 19.479558
0.288000 19.478589
0.292000 19.501021
0.296000 19.669131
0.300000 19.804119
0.304000 19.874144
0.308000 19.960654
0.312000 20.025042
0.316000 20.031494
0.320000 20.105005
0.324000 20.194534
0.328000 20.243969
0.332000 20.375340
0.336000 20.449069
0.340000 20.421086
0.344000 20.416651
0.348000 20.435032
0.352000 20.419692
0.356000 20.450767
0.360000 20.650273
0.364000 20.746742
0.368000 20.709763
0.372000 20.702855
0.376000 20.755060
0.380000 20.784477
0.384000 20.873160
0.388000 20.938398
0.392000 20.938711
0.396000 20.973639
0.400000 20.962116
0.404000 20.939779
0.408000 20.949066
0.412000 21.080924
0.416000 21.085880
0.420000 21.136955
0.424000 21.155011
0.428000 21.171179
0.432000 21.198466
0.436000 21.134318
0.440000 21.009766
0.444000 20.977628
0.448000 20.978365
0.452000 21.036441
0.456000 21.072538
0.460000 21.110893
0.464000 21.169545
0.468000 21.224901
0.472000 21.376684
0.476000 21.524244
0.480000 21.494241
0.484000 21.416954
0.488000 21.427269
0.492000 21.414849
0.496000 21.438240
0.500000 21.404478
0.504000 21.448008
0.508000 21.530515
0.512000 21.614852
0.516000 21.612618
0.520000 21.688062
0.524000 21.755001
0.528000 21.709736
0.532000 21.571570
0.536000 21.552566
0.540000 21.576973
0.544000 21.682173
0.548000 21.740753
0.552000 21.723329
0.556000 21.673699
0.560000 21.710142
0.564000 21.663187
0.568000 21.595196
0.572000 21.628912
0.576000 21.645454
0.580000 21.696925
0.584000 21.788440
0.588000 21.824175
0.592000 21.822428
0.596000 21.875966
0.600000 21.908274
0.604000 21.972248
0.608000 21.945468
0.612000 21.937590
0.616000 21.911324
0.620000 21.873599
0.624000 21.817224
0.628000 21.753371
0.632000 21.818151
0.636000 21.922422
0.640000 21.919978
0.644000 21.880088
0.648000 21.958311
0.652000 21.960343
0.656000 21.867094
0.660000 21.889451
0.664000 22.003575
0.668000 22.056687
0.672000 22.119200
0.676000 22.179429
0.680000 22.316076
0.684000 22.382809
0.688000 22.273864
0.692000 22.137710
0.696000 22.127191
0.700000 22.176677
0.704000 22.156094
0.708000 22.130322
0.712000 22.166273
0.716000 22.203141
0.720000 22.222036
0.724000 22.305082
0.728000 22.349305
0.732000 22.304385
0.736000 22.338953
0.740000 22.424627
0.744000 22.376469
0.748000 22.372221
0.752000 22.414398
0.756000 22.398835
0.760000 22.444593
0.764000 22.417069
0.768000 22.343002
0.772000 22.356334
0.776000 22.437907
0.780000 22.419587
0.784000 22.399312
0.788000 22.457323
0.792000 22.477750
0.796000 22.497767
0.800000 22.463036
0.804000 22.449917
0.808000 22.383429
0.812000 22.362539
0.816000 22.342592
0.820000 22.335192
0.824000 22.268073
0.828000 22.258466
0.832000 22.306989
0.836000 22.334555
0.840000 22.346426
0.844000 22.342073
0.848000 22.382978
0.852000 22.391246
0.856000 22.356067
0.860000 22.358048
0.864000 22.324798
0.868000 22.369108
0.872000 22.355870
0.876000 22.408006
0.880000 22.482074
0.884000 22.552214
0.888000 22.578683
0.892000 22.616419
0.896000 22.698833
0.900000 22.716126
0.904000 22.601785
0.908000 22.493883
0.912000 22.524805
0.916000 22.616134
0.920000 22.610374
0.924000 22.548935
0.928000 22.514930
0.932000 22.539464
0.936000 22.622994
0.940000 22.715513
0.944000 22.755322
0.948000 22.776273
0.952000 22.776867
0.956000 22.701979
0.960000 22.702389
0.964000 22.711772
0.968000 22.639659
0.972000 22.604831
0.976000 22.626377
0.980000 22.636796
0.984000 22.634884
0.988000 22.576448
0.992000 22.518035
0.996000 22.539958
1.000000 22.594021
1.004000 22.583385
1.008000 22.544894
1.012000 22.578148
1.016000 22.602452
1.020000 22.530024
1.024000 22.502644
1.028000 22.553061
1.032000 22.636156
1.036000 22.597409
1.040000 22.546302
1.044000 22.565224
1.048000 22.589651
1.052000 22.567658
1.056000 22.667292
1.060000 22.727749
1.064000 22.728140
1.068000 22.673678
1.072000 22.629110
1.076000 22.540283
1.080000 22.503243
1.084000 22.462173
1.088000 22.403557
1.092000 22.468802
1.096000 22.533922
1.100000 22.618201
1.104000 22.602426
1.108000 22.630357
1.112000 22.715119
1.116000 22.786393
1.120000 22.770884
1.124000 22.737425
1.128000 22.732444
1.132000 22.720516
1.136000 22.731748
1.140000 22.692924
1.144000 22.629444
1.148000 22.575192
1.152000 22.590704
1.156000 22.626539
1.160000 22.639552
1.164000 22.615385
1.168000 22.584378
1.172000 22.568356
1.176000 22.596160
1.180000 22.632407
1.184000 22.731236
1.188000 22.833731
1.192000 22.871257
1.196000 22.813143
1.200000 22.805704
1.204000 22.897075
1.208000 22.996741
1.212000 22.955907
1.216000 22.887748
1.220000 22.839531
1.224000 22.734561
1.228000 22.678136
1.232000 22.662932
1.236000 22.657776
1.240000 22.703669
1.244000 22.739518
1.248000 22.746566
1.252000 22.784584
1.256000 22.839479
1.260000 22.823595
1.264000 22.747296
1.268000 22.660661
1.272000 22.708123
1.276000 22.806805
1.280000 22.909370
1.284000 22.963399
1.288000 22.904154
1.292000 22.873158
1.296000 22.884690
1.300000 22.912268
1.304000 23.006789
1.308000 23.052690
1.312000 22.988557
1.316000 22.928632
1.320000 22.877245
1.324000 22.886821
1.328000 22.959423
1.332000 23.014465
1.336000 23.085637
1.340000 23.111427
1.344000 23.027811
1.348000 22.924514
1.352000 22.891963
1.356000 22.930299
1.360000 22.957240
1.364000 22.890367
1.368000 22.934436
1.372000 22.896896
1.376000 22.824327
1.380000 22.890844
1.384000 22.932522
1.388000 22.994790
1.392000 23.084611
1.396000 23.155892
1.400000 23.189908
1.404000 23.168911
1.408000 23.174892
1.412000 23.154784
1.416000 23.101383
1.420000 22.948622
1.424000 22.830957
1.428000 22.865367
1.432000 22.853936
1.436000 22.814206
1.440000 22.760644
1.444000 22.726399
1.448000 22.719855
1.452000 22.742670
1.456000 22.727072
1.460000 22.715192
1.464000 22.684955
1.468000 22.742281
1.472000 22.794618
1.476000 22.777918
1.480000 22.825720
1.484000 22.883130
1.488000 22.863898
1.492000 22.989992
1.496000 23.098585
1.500000 23.101311
1.504000 23.085083
1.508000 23.160159
1.512000 23.121550
1.516000 23.090527
1.520000 23.102990
1.524000 23.092314
1.528000 23.089583
1.532000 23.104453
1.536000 23.076901
1.540000 23.006829
1.544000 22.931638
1.548000 22.955536
1.552000 23.012312
1.556000 22.999566
1.560000 22.953917
1.564000 22.929859
1.568000 22.851757
1.572000 22.783479
1.576000 22.840587
1.580000 22.878675
1.584000 22.955350
1.588000 23.028922
1.592000 23.073302
1.596000 23.114123
1.600000 23.224172
1.604000 23.241606
1.608000 23.208605
1.612000 23.093701
1.616000 23.028704
1.620000 23.059005
1.624000 23.068366
1.628000 23.058348
1.632000 23.048372
1.636000 23.058365
1.640000 23.054683
1.644000 23.029688
1.648000 23.060670
1.652000 23.075961
1.656000 23.031577
1.660000 23.020797
1.664000 22.969988
1.668000 22.934567
1.672000 22.902477
1.676000 22.842313
1.680000 22.882973
1.684000 22.959204
1.688000 22.886966
1.692000 22.857606
1.696000 22.898122
1.700000 22.969954
1.704000 23.018854
1.708000 23.036240
1.712000 22.996518
1.716000 22.905820
1.720000 22.842142
1.724000 22.929865
1.728000 23.091246
1.732000 23.205842
1.736000 23.244741
1.740000 23.168684
1.744000 23.165110
1.748000 23.215894
1.752000 23.187365
1.756000 23.216736
1.760000 23.167786
1.764000 23.111761
1.768000 23.056896
1.772000 23.050828
1.776000 23.080995
1.780000 23.069966
1.784000 23.137362
1.788000 23.296059
1.792000 23.261397
1.796000 23.207157
1.800000 23.221185
1.804000 23.266773
1.808000 23.234149
1.812000 23.167215
1.816000 23.179706
1.820000 23.215292
1.824000 23.207837
1.828000 23.216355
1.832000 23.212935
1.836000 23.167688
1.840000 23.221661
1.844000 23.279785
1.848000 23.293046
1.852000 23.313321
1.856000 23.256765
1.860000 23.231329
1.864000 23.204646
1.868000 23.182683
1.872000 23.187667
1.876000 23.229675
1.880000 23.303551
1.884000 23.353253
1.888000 23.327902
1.892000 23.334856
1.896000 23.344786
1.900000 23.369669
1.904000 23.404906
1.908000 23.451489
1.912000 23.393411
1.916000 23.253846
1.920000 23.255168
1.924000 23.291532
1.928000 23.318531
1.932000 23.366970
1.936000 23.382742
1.940000 23.359586
1.944000 23.418871
1.948000 23.380945
1.952000 23.356298
1.956000 23.405125
1.960000 23.385904
1.964000 23.381675
1.968000 23.371138
1.972000 23.455497
1.976000 23.449505
1.980000 23.506267
1.984000 23.496836
1.988000 23.480758
1.992000 23.446186
1.996000 23.457384
2.000000 23.516590
2.004000 23.529131
2.008000 23.495729
2.012000 23.422999
2.016000 23.425344
2.020000 23.352071
2.024000 23.391050
2.028000 23.475888
2.032000 23.509231
2.036000 23.544956
2.040000 23.581884
2.044000 23.620244
2.048000 23.547951
2.052000 23.466747
2.056000 23.495998
2.060000 23.527811
2.064000 23.470124
2.068000 23.397222
2.072000 23.341943
2.076000 23.389113
2.080000 23.461949
2.084000 23.468550
2.088000 23.477861
2.092000 23.422414
2.096000 23.366684
2.100000 23.365539
2.104000 23.286310
2.108000 23.272289
2.112000 23.256582
2.116000 23.258819
2.120000 23.273854
2.124000 23.303418
2.128000 23.408886
2.132000 23.481563
2.136000 23.545984
2.140000 23.503999
2.144000 23.493600
2.148000 23.466017
2.152000 23.450284
2.156000 23.440041
2.160000 23.436708
2.164000 23.366713
2.168000 23.294730
2.172000 23.318378
2.176000 23.356790
2.180000 23.432213
2.184000 23.474918
2.188000 23.422919
2.192000 23.411881
2.196000 23.492303
2.200000 23.521819
2.204000 23.531201
2.208000 23.526992
2.212000 23.534637
2.216000 23.609948
2.220000 23.649114
2.224000 23.640346
2.228000 23.595320
2.232000 23.487741
2.236000 23.447341
2.240000 23.442147
2.244000 23.430775
2.248000 23.451907
2.252000 23.454700
2.256000 23.463635
2.260000 23.528208
2.264000 23.525731
2.268000 23.517619
2.272000 23.494338
2.276000 23.512707
2.280000 23.530333
2.284000 23.530371
2.288000 23.524847
2.292000 23.489532
2.296000 23.498063
2.300000 23.561643
2.304000 23.562961
2.308000 23.587129
2.312000 23.540356
2.316000 23.494666
2.320000 23.490316
2.324000 23.399100
2.328000 23.267208
2.332000 23.227063
2.336000 23.249118
2.340000 23.218570
2.344000 23.214019
2.348000 23.275963
2.352000 23.238628
2.356000 23.321029
2.360000 23.356078
2.364000 23.314588
2.368000 23.350688
2.372000 23.407759
2.376000 23.454738
2.380000 23.436540
2.384000 23.434330
2.388000 23.431610
2.392000 23.502794
2.396000 23.503968
2.400000 23.418994
2.404000 23.441105
2.408000 23.544693
2.412000 23.622033
2.416000 23.593637
2.420000 23.546449
2.424000 23.490853
2.428000 23.418573
2.432000 23.401453
2.436000 23.467581
2.440000 23.537927
2.444000 23.591441
2.448000 23.606672
2.452000 23.612576
2.456000 23.507910
2.460000 23.483579
2.464000 23.509912
2.468000 23.460371
2.472000 23.441682
2.476000 23.371271
2.480000 23.321702
2.484000 23.424069
2.488000 23.539715
2.492000 23.524433
2.496000 23.482630
2.500000 23.521248
2.504000 23.484593
2.508000 23.428613
2.512000 23.433268
2.516000 23.518342
2.520000 23.579357
2.524000 23.591004
2.528000 23.563350
2.532000 23.498647
2.536000 23.496025
2.540000 23.561417
2.544000 23.525098
2.548000 23.514642
2.552000 23.511690
2.556000 23.494628
2.560000 23.488387
2.564000 23.547832
2.568000 23.645966
2.572000 23.691786
2.576000 23.703302
2.580000 23.654976
2.584000 23.527135
2.588000 23.411635
2.592000 23.421727
2.596000 23.457437
2.600000 23.537381
2.604000 23.578233
2.608000 23.540371
2.612000 23.539258
2.616000 23.570962
2.620000 23.594175
2.624000 23.658866
2.628000 23.699129
2.632000 23.660087
2.636000 23.751585
2.640000 23.840567
2.644000 23.760163
2.648000 23.721903
2.652000 23.733739
2.656000 23.771661
2.660000 23.641023
2.664000 23.564434
2.668000 23.605161
2.672000 23.665823
2.676000 23.710219
2.680000 23.725682
2.684000 23.698831
2.688000 23.597329
2.692000 23.530509
2.696000 23.569881
2.700000 23.578720
2.704000 23.579170
2.708000 23.633809
2.712000 23.593863
2.716000 23.573914
2.720000 23.573785
2.724000 23.634174
2.728000 23.749718
2.732000 23.805317
2.736000 23.736268
2.740000 23.612817
2.744000 23.607049
2.748000 23.569104
2.752000 23.564758
2.756000 23.495276
2.760000 23.507450
2.764000 23.577201
2.768000 23.605613
2.772000 23.636687
2.776000 23.582616
2.780000 23.510587
2.784000 23.530737
2.788000 23.620187
2.792000 23.697942
2.796000 23.616183
2.800000 23.555822
2.804000 23.524108
2.808000 23.513274
2.812000 23.584905
2.816000 23.580644
2.820000 23.629139
2.824000 23.640120
2.828000 23.619351
2.832000 23.556813
2.836000 23.481566
2.840000 23.440448
2.844000 23.496273
2.848000 23.511121
2.852000 23.475476
2.856000 23.375587
2.860000 23.309812
2.864000 23.341193
2.868000 23.392826
2.872000 23.531118
2.876000 23.512482
2.880000 23.478809
2.884000 23.430368
2.888000 23.393365
2.892000 23.374691
2.896000 23.404448
2.900000 23.437186
2.904000 23.448190
2.908000 23.437957
2.912000 23.429633
2.916000 23.455818
2.920000 23.397344
2.924000 23.364076
2.928000 23.341780
2.932000 23.303367
2.936000 23.277330
2.940000 23.313899
2.944000 23.413957
2.948000 23.544330
2.952000 23.579838
2.956000 23.549330
2.960000 23.551142
2.964000 23.551023
2.968000 23.521786
2.972000 23.437351
2.976000 23.380894
2.980000 23.405480
2.984000 23.453418
2.988000 23.495010
2.992000 23.548227
2.996000 23.656735
3.000000 23.642845
3.004000 23.592613
3.008000 23.639364
3.012000 23.687708
3.016000 23.752304
3.020000 23.682318
3.024000 23.639076
3.028000 23.596883
3.032000 23.564289
3.036000 23.544014
3.040000 23.557768
3.044000 23.561369
3.048000 23.595053
3.052000 23.569002
3.056000 23.541658
3.060000 23.566608
3.064000 23.551326
3.068000 23.563977
3.072000 23.547165
3.076000 23.515144
3.080000 23.561700
3.084000 23.590589
3.088000 23.614544
3.092000 23.562026
3.096000 23.591053
3.100000 23.618497
3.104000 23.596445
3.108000 23.634465
3.112000 23.627573
3.116000 23.613506
3.120000 23.529170
3.124000 23.572579
3.128000 23.641247
3.132000 23.652419
3.136000 23.644421
3.140000 23.652517
3.144000 23.664034
3.148000 23.678827
3.152000 23.684262
3.156000 23.707952
3.160000 23.709859
3.164000 23.703357
3.168000 23.643764
3.172000 23.627013
3.176000 23.655826
3.180000 23.671251
3.184000 23.716617
3.188000 23.774524
3.192000 23.769502
3.196000 23.753259
3.200000 23.797595
3.204000 23.823821
3.208000 23.722241
3.212000 23.621641
3.216000 23.605203
3.220000 23.662842
3.224000 23.617169
3.228000 23.602990
3.232000 23.553048
3.236000 23.557810
3.240000 23.597020
3.244000 23.606828
3.248000 23.565292
3.252000 23.568134
3.256000 23.571020
3.260000 23.577485
3.264000 23.555780
3.268000 23.613911
3.272000 23.664464
3.276000 23.682949
3.280000 23.692296
3.284000 23.659076
3.288000 23.641224
3.292000 23.638255
3.296000 23.657501
3.300000 23.710688
3.304000 23.762161
3.308000 23.788751
3.312000 23.809568
3.316000 23.805713
3.320000 23.783217
3.324000 23.714695
3.328000 23.777378
3.332000 23.861561
3.336000 23.779364
3.340000 23.635407
3.344000 23.547530
3.348000 23.559592
3.352000 23.564402
3.356000 23.595476
3.360000 23.602737
3.364000 23.648107
3.368000 23.713147
3.372000 23.732815
3.376000 23.827061
3.380000 23.830352
3.384000 23.773019
3.388000 23.710969
3.392000 23.700007
3.396000 23.721808
3.400000 23.681897
3.404000 23.520846
3.408000 23.481414
3.412000 23.501218
3.416000 23.536307
3.420000 23.562211
3.424000 23.615781
3.428000 23.682808
3.432000 23.801946
3.436000 23.871013
3.440000 23.872182
3.444000 23.833009
3.448000 23.840458
3.452000 23.914999
3.456000 23.986984
3.460000 23.980071
3.464000 23.962877
3.468000 23.900405
3.472000 23.869213
3.476000 23.855199
3.480000 23.799683
3.484000 23.827390
3.488000 23.870900
3.492000 23.891260
3.496000 23.860185
3.500000 23.821615
3.504000 23.833278
3.508000 23.853605
3.512000 23.824990
3.516000 23.775559
3.520000 23.792643
3.524000 23.767376
3.528000 23.723115
3.532000 23.645477
3.536000 23.673835
3.540000 23.690951
3.544000 23.695822
3.548000 23.770404
3.552000 23.842309
3.556000 23.796360
3.560000 23.742825
3.564000 23.684144
3.568000 23.651929
3.572000 23.714544
3.576000 23.854081
3.580000 23.957615
3.584000 23.959751
3.588000 23.995599
3.592000 23.958559
3.596000 23.970491
3.600000 23.992087
3.604000 23.993142
3.608000 23.996624
3.612000 23.990243
3.616000 23.984510
3.620000 23.971639
3.624000 23.959722
3.628000 24.025571
3.632000 23.970767
3.636000 23.968092
3.640000 23.930636
3.644000 23.927926
3.648000 23.988435
3.652000 24.006562
3.656000 24.069169
3.660000 24.116880
3.664000 24.155115
3.668000 24.092831
3.672000 24.072132
3.676000 24.044449
3.680000 24.027658
3.684000 23.977174
3.688000 24.028058
3.692000 24.104271
3.696000 24.112273
3.700000 24.037491
3.704000 23.959291
3.708000 23.944084
3.712000 24.005619
3.716000 24.044258
3.720000 24.108532
3.724000 24.126428
3.728000 24.111524
3.732000 24.043061
3.736000 23.946972
3.740000 23.909924
3.744000 23.899456
3.748000 23.950014
3.752000 23.962826
3.756000 24.038863
3.760000 24.104177
3.764000 24.137073
3.768000 24.175535
3.772000 24.250266
3.776000 24.208429
3.780000 24.192645
3.784000 24.079200
3.788000 24.014963
3.792000 24.046760
3.796000 24.035503
3.800000 24.032562
3.804000 24.045145
3.808000 23.993887
3.812000 23.998190
3.816000 24.029422
3.820000 24.063622
3.824000 24.057159
3.828000 23.987353
3.832000 23.971586
3.836000 23.919359
3.840000 23.954697
3.844000 24.026908
3.848000 24.064643
3.852000 24.014190
3.856000 23.944663
3.860000 23.907246
3.864000 23.849590
3.868000 23.850744
3.872000 23.844708
3.876000 23.807778
3.880000 23.814606
3.884000 23.912691
3.888000 23.926861
3.892000 23.935651
3.896000 24.043228
3.900000 24.077848
3.904000 23.958225
3.908000 23.875637
3.912000 23.868867
3.916000 23.925525
3.920000 23.954249
3.924000 23.950527
3.928000 23.948487
3.932000 23.921831
3.936000 23.946838
3.940000 23.835211
3.944000 23.770185
3.948000 23.781871
3.952000 23.861827
3.956000 23.942487
3.960000 24.029054
3.964000 24.001579
3.968000 23.960391
3.972000 23.934227
3.976000 24.045954
3.980000 24.075605
3.984000 24.133526
3.988000 24.185219
3.992000 24.149523
3.996000 24.135748
4.000000 24.175448
4.004000 24.163667
4.008000 24.186276
4.012000 24.214722
4.016000 24.272394
4.020000 24.320578
4.024000 24.300541
4.028000 24.238102
4.032000 24.242471
4.036000 24.273054
4.040000 24.261151
4.044000 24.163520
4.048000 24.137598
4.052000 24.177129
4.056000 24.156907
4.060000 24.122615
4.064000 24.050461
4.068000 24.063817
4.072000 24.087772
4.076000 24.208486
4.080000 24.283153
4.084000 24.290600
4.088000 24.290612
4.092000 24.267335
4.096000 24.189451
4.100000 24.117970
4.104000 24.117044
4.108000 24.084844
4.112000 24.130750
4.116000 24.131077
4.120000 24.064837
4.124000 23.987147
4.128000 23.918518
4.132000 23.901928
4.136000 23.985590
4.140000 24.029491
4.144000 24.025491
4.148000 24.089212
4.152000 24.120278
4.156000 24.154911
4.160000 24.147810
4.164000 24.185743
4.168000 24.197745
4.172000 24.239030
4.176000 24.222814
4.180000 24.266388
4.184000 24.319146
4.188000 24.253299
4.192000 24.231675
4.196000 24.223984
4.200000 24.191088
4.204000 24.168401
4.208000 24.134554
4.212000 24.115576
4.216000 24.104895
4.220000 24.092879
4.224000 24.109072
4.228000 24.062463
4.232000 23.993336
4.236000 23.980601
4.240000 23.985299
4.244000 24.047350
4.248000 24.100735
4.252000 24.045584
4.256000 23.938089
4.260000 23.862995
4.264000 23.817833
4.268000 23.894120
4.272000 24.000396
4.276000 24.026633
4.280000 24.028671
4.284000 24.048754
4.288000 24.067450
4.292000 24.080970
4.296000 24.155192
4.300000 24.155797
4.304000 24.138200
4.308000 24.172060
4.312000 24.191703
4.316000 24.146100
4.320000 24.070050
4.324000 23.959753
4.328000 23.932594
4.332000 23.931857
4.336000 23.914477
4.340000 23.929381
4.344000 23.941670
4.348000 23.933350
4.352000 24.056954
4.356000 24.100333
4.360000 24.136140
4.364000 24.187478
4.368000 24.184689
4.372000 24.105569
4.376000 24.041536
4.380000 24.019850
4.384000 24.037144
4.388000 24.119596
4.392000 24.130862
4.396000 24.109499
4.400000 24.063951
4.404000 24.035978
4.408000 23.994768
4.412000 24.000608
4.416000 24.058041
4.420000 24.026070
4.424000 24.025302
4.428000 24.137200
4.432000 24.134585
4.436000 24.178417
4.440000 24.212730
4.444000 24.216794
4.448000 24.208414
4.452000 24.174077
4.456000 24.224959
4.460000 24.235143
4.464000 24.228702
4.468000 24.183593
4.472000 24.141646
4.476000 24.102591
4.480000 24.165849
4.484000 24.170241
4.488000 24.179468
4.492000 24.229977
4.496000 24.208905
4.500000 24.235789
4.504000 24.236326
4.508000 24.189288
4.512000 24.157714
4.516000 24.061095
4.520000 24.056313
4.524000 24.117620
4.528000 24.088751
4.532000 24.049252
4.536000 24.055473
4.540000 24.079950
4.544000 24.140141
4.548000 24.089568
4.552000 23.992515
4.556000 24.057738
4.560000 24.201566
4.564000 24.184405
4.568000 24.136642
4.572000 24.092267
4.576000 24.040034
4.580000 24.061420
4.584000 24.088186
4.588000 24.195752
4.592000 24.227962
4.596000 24.233018
4.600000 24.264178
4.604000 24.255332
4.608000 24.249567
4.612000 24.242434
4.616000 24.339084
4.620000 24.462242
4.624000 24.486676
4.628000 24.447726
4.632000 24.426133
4.636000 24.407101
4.640000 24.438435
4.644000 24.383724
4.648000 24.400597
4.652000 24.321011
4.656000 24.328899
4.660000 24.278059
4.664000 24.227655
4.668000 24.328920
4.672000 24.384209
4.676000 24.369166
4.680000 24.367006
4.684000 24.335108
4.688000 24.309359
4.692000 24.294228
4.696000 24.270680
4.700000 24.234455
4.704000 24.237451
4.708000 24.216515
4.712000 24.273053
4.716000 24.214345
4.720000 24.140743
4.724000 24.100242
4.728000 24.070783
4.732000 23.972824
4.736000 23.909277
4.740000 23.998152
4.744000 24.107757
4.748000 24.138262
4.752000 24.191205
4.756000 24.285326
4.760000 24.227420
4.764000 24.143589
4.768000 24.161060
4.772000 24.145437
4.776000 24.158046
4.780000 24.142877
4.784000 24.146273
4.788000 24.129213
4.792000 24.117828
4.796000 24.104500
4.800000 24.128015
4.804000 24.082662
4.808000 24.099333
4.812000 24.150898
4.816000 24.112872
4.820000 24.132639
4.824000 24.215326
4.828000 24.326464
4.832000 24.410583
4.836000 24.443154
4.840000 24.407384
4.844000 24.331175
4.848000 24.347524
4.852000 24.334053
4.856000 24.254367
4.860000 24.175350
4.864000 24.226288
4.868000 24.206099
4.872000 24.173179
4.876000 24.169606
4.880000 24.265819
4.884000 24.394421
4.888000 24.368455
4.892000 24.319443
4.896000 24.323283
4.900000 24.395907
4.904000 24.444863
4.908000 24.431848
4.912000 24.375305
4.916000 24.362838
4.920000 24.383267
4.924000 24.428546
4.928000 24.440543
4.932000 24.468847
4.936000 24.486252
4.940000 24.445643
4.944000 24.331178
4.948000 24.334540
4.952000 24.335444
4.956000 24.257872
4.960000 24.162341
4.964000 24.172733
4.968000 24.199250
4.972000 24.267391
4.976000 24.362568
4.980000 24.367781
4.984000 24.371971
4.988000 24.258283
4.992000 24.199802
4.996000 24.265425
