0.012000 12.658385
0.016000 12.658385
0.020000 12.658385
0.024000 12.658385
0.028000 12.658385
0.032000 12.658385
0.036000 12.658385
0.040000 12.658385
0.044000 12.658385
0.048000 12.658385
0.052000 12.658385
0.056000 12.658385
0.060000 12.658385
0.064000 12.658385
0.068000 12.658385
0.072000 12.658385
0.076000 12.658385
0.080000 12.658385
0.084000 12.658385
0.088000 12.658385
0.092000 12.658385
0.096000 12.658385
0.100000 12.658385
0.104000 12.658385
0.108000 12.658385
0.112000 12.658385
0.116000 12.658385
0.120000 12.658385
0.124000 12.658385
0.128000 12.658385
0.132000 12.658385
0.136000 12.658385
0.140000 12.658385
0.144000 12.658385
0.148000 12.658385
0.152000 12.658385
0.156000 12.658385
0.160000 12.658385
0.164000 12.658385
0.168000 12.658385
0.172000 12.658385
0.176000 12.658385
0.180000 12.658385
0.184000 12.658385
0.188000 12.658385
0.192000 12.658385
0.196000 12.658385
0.200000 12.658385
0.204000 12.658385
0.208000 12.658385
0.212000 12.658385
0.216000 12.658385
0.220000 12.658385
0.224000 12.658385
0.228000 12.658385
0.232000 12.658385
0.236000 12.658385
0.240000 12.658385
0.244000 12.658385
0.248000 12.658385
0.252000 12.658385
0.256000 12.658385
0.260000 12.658385
0.264000 12.658385
0.268000 12.658385
0.272000 12.658385
0.276000 12.658385
0.280000 12.658385
0.284000 12.658385
0.288000 12.658385
0.292000 12.658385
0.296000 12.658385
0.300000 12.658385
0.304000 12.658385
0.308000 12.658385
0.312000 12.658385
0.316000 12.658385
0.320000 12.658385
0.324000 12.658385
0.328000 12.658385
0.332000 12.658385
0.336000 12.658385
0.340000 12.658385
0.344000 12.658385
0.348000 12.658385
0.352000 12.658385
0.356000 12.658385
0.360000 12.658385
0.364000 12.658385
0.368000 12.658385
0.372000 12.658385
0.376000 12.658385
0.380000 12.658385
0.384000 12.658385
0.388000 12.658385
0.392000 12.658385
0.396000 12.658385
0.400000 12.658385
0.404000 12.658385
0.408000 12.658385
0.412000 12.658385
0.416000 12.658385
0.420000 12.658385
0.424000 12.658385
0.428000 12.658385
0.432000 12.658385
0.436000 12.658385
0.440000 12.658385
0.444000 12.658385
0.448000 12.658385
0.452000 12.658385
0.456000 12.658385
0.460000 12.658385
0.464000 12.658385
0.468000 12.658385
0.472000 12.658385
0.476000 12.658385
0.480000 12.658385
0.484000 12.658385
0.488000 12.658385
0.492000 12.658385
0.496000 12.658385
0.500000 12.658385
0.504000 12.658385
0.508000 12.658385
0.512000 12.658385
0.516000 12.658385
0.520000 12.658385
0.524000 12.658385
0.528000 12.658385
0.532000 12.658385
0.536000 12.658385
0.540000 12.658385
0.544000 12.658385
0.548000 12.658385
0.552000 12.658385
0.556000 12.658385
0.560000 12.658385
0.564000 12.658385
0.568000 12.658385
0.572000 12.658385
0.576000 12.658385
0.580000 12.658385
0.584000 12.658385
0.588000 12.658385
0.592000 12.658385
0.596000 12.658385
0.600000 12.658385
0.604000 12.658385
0.608000 12.658385
0.612000 12.658385
0.616000 12.658385
0.620000 12.658385
0.624000 12.658385
0.628000 12.658385
0.632000 12.658385
0.636000 12.658385
0.640000 12.658385
0.644000 12.658385
0.648000 12.658385
0.652000 12.658385
0.656000 12.658385
0.660000 12.658385
0.664000 12.658385
0.668000 12.658385
0.672000 12.658385
0.676000 12.658385
0.680000 12.658385
0.684000 12.658385
0.688000 12.658385
0.692000 12.658385
0.696000 12.658385
0.700000 12.658385
0.704000 12.658385
0.708000 12.658385
0.712000 12.658385
0.716000 12.658385
0.720000 12.658385
0.724000 12.658385
0.728000 12.658385
0.732000 12.658385
0.736000 12.658385
0.740000 12.658385
0.744000 12.658385
0.748000 12.658385
0.752000 12.658385
0.756000 12.658385
0.760000 12.658385
0.764000 12.658385
0.768000 12.658385
0.772000 12.658385
0.776000 12.658385
0.780000 12.658385
0.784000 12.658385
0.788000 12.658385
0.792000 12.658385
0.796000 12.658385
0.800000 12.658385
0.804000 12.658385
0.808000 12.658385
0.812000 12.658385
0.816000 12.658385
0.820000 12.658385
0.824000 12.658385
0.828000 12.658385
0.832000 12.658385
0.836000 12.658385
0.840000 12.658385
0.844000 12.658385
0.848000 12.658385
0.852000 12.658385
0.856000 12.658385
0.860000 12.658385
0.864000 12.658385
0.868000 12.658385
0.872000 12.658385
0.876000 12.658385
0.880000 12.658385
0.884000 12.658385
0.888000 12.658385
0.892000 12.658385
0.896000 12.658385
0.900000 12.658385
0.904000 12.658385
0.908000 12.658385
0.912000 12.658385
0.916000 12.658385
0.920000 12.658385
0.924000 12.658385
0.928000 12.658385
0.932000 12.658385
0.936000 12.658385
0.940000 12.658385
0.944000 12.658385
0.948000 12.658385
0.952000 12.658385
0.956000 12.658385
0.960000 12.658385
0.964000 12.658385
0.968000 12.658385
0.972000 12.658385
0.976000 12.658385
0.980000 12.658385
0.984000 12.658385
0.988000 12.658385
0.992000 12.658385
0.996000 12.658385
1.000000 12.658385
1.004000 12.658385
1.008000 12.658385
1.012000 12.658385
1.016000 12.658385
1.020000 12.658385
1.024000 12.658385
1.028000 12.658385
1.032000 12.658385
1.036000 12.658385
1.040000 12.658385
1.044000 12.658385
1.048000 12.658385
1.052000 12.658385
1.056000 12.658385
1.060000 12.658385
1.064000 12.658385
1.068000 12.658385
1.072000 12.658385
1.076000 12.658385
1.080000 12.658385
1.084000 12.658385
1.088000 12.658385
1.092000 12.658385
1.096000 12.658385
1.100000 12.658385
1.104000 12.658385
1.108000 12.658385
1.112000 12.658385
1.116000 12.658385
1.120000 12.658385
1.124000 12.658385
1.128000 12.658385
1.132000 12.658385
1.136000 12.658385
1.140000 12.658385
1.144000 12.658385
1.148000 12.658385
1.152000 12.658385
1.156000 12.658385
1.160000 12.658385
1.164000 12.658385
1.168000 12.658385
1.172000 12.658385
1.176000 12.658385
1.180000 12.658385
1.184000 12.658385
1.188000 12.658385
1.192000 12.658385
1.196000 12.658385
1.200000 12.658385
1.204000 12.658385
1.208000 12.658385
1.212000 12.658385
1.216000 12.658385
1.220000 12.658385
1.224000 12.658385
1.228000 12.658385
1.232000 12.658385
1.236000 12.658385
1.240000 12.658385
1.244000 12.658385
1.248000 12.658385
1.252000 12.658385
1.256000 12.658385
1.260000 12.658385
1.264000 12.658385
1.268000 12.658385
1.272000 12.658385
1.276000 12.658385
1.280000 12.658385
1.284000 12.658385
1.288000 12.658385
1.292000 12.658385
1.296000 12.658385
1.300000 12.658385
1.304000 12.658385
1.308000 12.658385
1.312000 12.658385
1.316000 12.658385
1.320000 12.658385
1.324000 12.658385
1.328000 12.658385
1.332000 12.658385
1.336000 12.658385
1.340000 12.658385
1.344000 12.658385
1.348000 12.658385
1.352000 12.658385
1.356000 12.658385
1.360000 12.658385
1.364000 12.658385
1.368000 12.658385
1.372000 12.658385
1.376000 12.658385
1.380000 12.658385
1.384000 12.658385
1.388000 12.658385
1.392000 12.658385
1.396000 12.658385
1.400000 12.658385
1.404000 12.658385
1.408000 12.658385
1.412000 12.658385
1.416000 12.658385
1.420000 12.658385
1.424000 12.658385
1.428000 12.658385
1.432000 12.658385
1.436000 12.658385
1.440000 12.658385
1.444000 12.658385
1.448000 12.658385
1.452000 12.658385
1.456000 12.658385
1.460000 12.658385
1.464000 12.658385
1.468000 12.658385
1.472000 12.658385
1.476000 12.658385
1.480000 12.658385
1.484000 12.658385
1.488000 12.658385
1.492000 12.658385
1.496000 12.658385
1.500000 12.658385
1.504000 12.658385
1.508000 12.658385
1.512000 12.658385
1.516000 12.658385
1.520000 12.658385
1.524000 12.658385
1.528000 12.658385
1.532000 12.658385
1.536000 12.658385
1.540000 12.658385
1.544000 12.658385
1.548000 12.658385
1.552000 12.658385
1.556000 12.658385
1.560000 12.658385
1.564000 12.658385
1.568000 12.658385
1.572000 12.658385
1.576000 12.658385
1.580000 12.658385
1.584000 12.658385
1.588000 12.658385
1.592000 12.658385
1.596000 12.658385
1.600000 12.658385
1.604000 12.658385
1.608000 12.658385
1.612000 12.658385
1.616000 12.658385
1.620000 12.658385
1.624000 12.658385
1.628000 12.658385
1.632000 12.658385
1.636000 12.658385
1.640000 12.658385
1.644000 12.658385
1.648000 12.658385
1.652000 12.658385
1.656000 12.658385
1.660000 12.658385
1.664000 12.658385
1.668000 12.658385
1.672000 12.658385
1.676000 12.658385
1.680000 12.658385
1.684000 12.658385
1.688000 12.658385
1.692000 12.658385
1.696000 12.658385
1.700000 12.658385
1.704000 12.658385
1.708000 12.658385
1.712000 12.658385
1.716000 12.658385
1.720000 12.658385
1.724000 12.658385
1.728000 12.658385
1.732000 12.658385
1.736000 12.658385
1.740000 12.658385
1.744000 12.658385
1.748000 12.658385
1.752000 12.658385
1.756000 12.658385
1.760000 12.658385
1.764000 12.658385
1.768000 12.658385
1.772000 12.658385
1.776000 12.658385
1.780000 12.658385
1.784000 12.658385
1.788000 12.658385
1.792000 12.658385
1.796000 12.658385
1.800000 12.658385
1.804000 12.658385
1.808000 12.658385
1.812000 12.658385
1.816000 12.658385
1.820000 12.658385
1.824000 12.658385
1.828000 12.658385
1.832000 12.658385
1.836000 12.658385
1.840000 12.658385
1.844000 12.658385
1.848000 12.658385
1.852000 12.658385
1.856000 12.658385
1.860000 12.658385
1.864000 12.658385
1.868000 12.658385
1.872000 12.658385
1.876000 12.658385
1.880000 12.658385
1.884000 12.658385
1.888000 12.658385
1.892000 12.658385
1.896000 12.658385
1.900000 12.658385
1.904000 12.658385
1.908000 12.658385
1.912000 12.658385
1.916000 12.658385
1.920000 12.658385
1.924000 12.658385
1.928000 12.658385
1.932000 12.658385
1.936000 12.658385
1.940000 12.658385
1.944000 12.658385
1.948000 12.658385
1.952000 12.658385
1.956000 12.658385
1.960000 12.658385
1.964000 12.658385
1.968000 12.658385
1.972000 12.658385
1.976000 12.658385
1.980000 12.658385
1.984000 12.658385
1.988000 12.658385
1.992000 12.658385
1.996000 12.658385
2.000000 12.658385
2.004000 12.658385
2.008000 12.658385
2.012000 12.658385
2.016000 12.658385
2.020000 12.658385
2.024000 12.658385
2.028000 12.658385
2.032000 12.658385
2.036000 12.658385
2.040000 12.658385
2.044000 12.658385
2.048000 12.658385
2.052000 12.658385
2.056000 12.658385
2.060000 12.658385
2.064000 12.658385
2.068000 12.658385
2.072000 12.658385
2.076000 12.658385
2.080000 12.658385
2.084000 12.658385
2.088000 12.658385
2.092000 12.658385
2.096000 12.658385
2.100000 12.658385
2.104000 12.658385
2.108000 12.658385
2.112000 12.658385
2.116000 12.658385
2.120000 12.658385
2.124000 12.658385
2.128000 12.658385
2.132000 12.658385
2.136000 12.658385
2.140000 12.658385
2.144000 12.658385
2.148000 12.658385
2.152000 12.658385
2.156000 12.658385
2.160000 12.658385
2.164000 12.658385
2.168000 12.658385
2.172000 12.658385
2.176000 12.658385
2.180000 12.658385
2.184000 12.658385
2.188000 12.658385
2.192000 12.658385
2.196000 12.658385
2.200000 12.658385
2.204000 12.658385
2.208000 12.658385
2.212000 12.658385
2.216000 12.658385
2.220000 12.658385
2.224000 12.658385
2.228000 12.658385
2.232000 12.658385
2.236000 12.658385
2.240000 12.658385
2.244000 12.658385
2.248000 12.658385
2.252000 12.658385
2.256000 12.658385
2.260000 12.658385
2.264000 12.658385
2.268000 12.658385
2.272000 12.658385
2.276000 12.658385
2.280000 12.658385
2.284000 12.658385
2.288000 12.658385
2.292000 12.658385
2.296000 12.658385
2.300000 12.658385
2.304000 12.658385
2.308000 12.658385
2.312000 12.658385
2.316000 12.658385
2.320000 12.658385
2.324000 12.658385
2.328000 12.658385
2.332000 12.658385
2.336000 12.658385
2.340000 12.658385
2.344000 12.658385
2.348000 12.658385
2.352000 12.658385
2.356000 12.658385
2.360000 12.658385
2.364000 12.658385
2.368000 12.658385
2.372000 12.658385
2.376000 12.658385
2.380000 12.658385
2.384000 12.658385
2.388000 12.658385
2.392000 12.658385
2.396000 12.658385
2.400000 12.658385
2.404000 12.658385
2.408000 12.658385
2.412000 12.658385
2.416000 12.658385
2.420000 12.658385
2.424000 12.658385
2.428000 12.658385
2.432000 12.658385
2.436000 12.658385
2.440000 12.658385
2.444000 12.658385
2.448000 12.658385
2.452000 12.658385
2.456000 12.658385
2.460000 12.658385
2.464000 12.658385
2.468000 12.658385
2.472000 12.658385
2.476000 12.658385
2.480000 12.658385
2.484000 12.658385
2.488000 12.658385
2.492000 12.658385
2.496000 12.658385
2.500000 12.658385
2.504000 12.658385
2.508000 12.658385
2.512000 12.658385
2.516000 12.658385
2.520000 12.658385
2.524000 12.658385
2.528000 12.658385
2.532000 12.658385
2.536000 12.658385
2.540000 12.658385
2.544000 12.658385
2.548000 12.658385
2.552000 12.658385
2.556000 12.658385
2.560000 12.658385
2.564000 12.658385
2.568000 12.658385
2.572000 12.658385
2.576000 12.658385
2.580000 12.658385
2.584000 12.658385
2.588000 12.658385
2.592000 12.658385
2.596000 12.658385
2.600000 12.658385
2.604000 12.658385
2.608000 12.658385
2.612000 12.658385
2.616000 12.658385
2.620000 12.658385
2.624000 12.658385
2.628000 12.658385
2.632000 12.658385
2.636000 12.658385
2.640000 12.658385
2.644000 12.658385
2.648000 12.658385
2.652000 12.658385
2.656000 12.658385
2.660000 12.658385
2.664000 12.658385
2.668000 12.658385
2.672000 12.658385
2.676000 12.658385
2.680000 12.658385
2.684000 12.658385
2.688000 12.658385
2.692000 12.658385
2.696000 12.658385
2.700000 12.658385
2.704000 12.658385
2.708000 12.658385
2.712000 12.658385
2.716000 12.658385
2.720000 12.658385
2.724000 12.658385
2.728000 12.658385
2.732000 12.658385
2.736000 12.658385
2.740000 12.658385
2.744000 12.658385
2.748000 12.658385
2.752000 12.658385
2.756000 12.658385
2.760000 12.658385
2.764000 12.658385
2.768000 12.658385
2.772000 12.658385
2.776000 12.658385
2.780000 12.658385
2.784000 12.658385
2.788000 12.658385
2.792000 12.658385
2.796000 12.658385
2.800000 12.658385
2.804000 12.658385
2.808000 12.658385
2.812000 12.658385
2.816000 12.658385
2.820000 12.658385
2.824000 12.658385
2.828000 12.658385
2.832000 12.658385
2.836000 12.658385
2.840000 12.658385
2.844000 12.658385
2.848000 12.658385
2.852000 12.658385
2.856000 12.658385
2.860000 12.658385
2.864000 12.658385
2.868000 12.658385
2.872000 12.658385
2.876000 12.658385
2.880000 12.658385
2.884000 12.658385
2.888000 12.658385
2.892000 12.658385
2.896000 12.658385
2.900000 12.658385
2.904000 12.658385
2.908000 12.658385
2.912000 12.658385
2.916000 12.658385
2.920000 12.658385
2.924000 12.658385
2.928000 12.658385
2.932000 12.658385
2.936000 12.658385
2.940000 12.658385
2.944000 12.658385
2.948000 12.658385
2.952000 12.658385
2.956000 12.658385
2.960000 12.658385
2.964000 12.658385
2.968000 12.658385
2.972000 12.658385
2.976000 12.658385
2.980000 12.658385
2.984000 12.658385
2.988000 12.658385
2.992000 12.658385
2.996000 12.658385
3.000000 12.658385
3.004000 12.658385
3.008000 12.658385
3.012000 12.658385
3.016000 12.658385
3.020000 12.658385
3.024000 12.658385
3.028000 12.658385
3.032000 12.658385
3.036000 12.658385
3.040000 12.658385
3.044000 12.658385
3.048000 12.658385
3.052000 12.658385
3.056000 12.658385
3.060000 12.658385
3.064000 12.658385
3.068000 12.658385
3.072000 12.658385
3.076000 12.658385
3.080000 12.658385
3.084000 12.658385
3.088000 12.658385
3.092000 12.658385
3.096000 12.658385
3.100000 12.658385
3.104000 12.658385
3.108000 12.658385
3.112000 12.658385
3.116000 12.658385
3.120000 12.658385
3.124000 12.658385
3.128000 12.658385
3.132000 12.658385
3.136000 12.658385
3.140000 12.658385
3.144000 12.658385
3.148000 12.658385
3.152000 12.658385
3.156000 12.658385
3.160000 12.658385
3.164000 12.658385
3.168000 12.658385
3.172000 12.658385
3.176000 12.658385
3.180000 12.658385
3.184000 12.658385
3.188000 12.658385
3.192000 12.658385
3.196000 12.658385
3.200000 12.658385
3.204000 12.658385
3.208000 12.658385
3.212000 12.658385
3.216000 12.658385
3.220000 12.658385
3.224000 12.658385
3.228000 12.658385
3.232000 12.658385
3.236000 12.658385
3.240000 12.658385
3.244000 12.658385
3.248000 12.658385
3.252000 12.658385
3.256000 12.658385
3.260000 12.658385
3.264000 12.658385
3.268000 12.658385
3.272000 12.658385
3.276000 12.658385
3.280000 12.658385
3.284000 12.658385
3.288000 12.658385
3.292000 12.658385
3.296000 12.658385
3.300000 12.658385
3.304000 12.658385
3.308000 12.658385
3.312000 12.658385
3.316000 12.658385
3.320000 12.658385
3.324000 12.658385
3.328000 12.658385
3.332000 12.658385
3.336000 12.658385
3.340000 12.658385
3.344000 12.658385
3.348000 12.658385
3.352000 12.658385
3.356000 12.658385
3.360000 12.658385
3.364000 12.658385
3.368000 12.658385
3.372000 12.658385
3.376000 12.658385
3.380000 12.658385
3.384000 12.658385
3.388000 12.658385
3.392000 12.658385
3.396000 12.658385
3.400000 12.658385
3.404000 12.658385
3.408000 12.658385
3.412000 12.658385
3.416000 12.658385
3.420000 12.658385
3.424000 12.658385
3.428000 12.658385
3.432000 12.658385
3.436000 12.658385
3.440000 12.658385
3.444000 12.658385
3.448000 12.658385
3.452000 12.658385
3.456000 12.658385
3.460000 12.658385
3.464000 12.658385
3.468000 12.658385
3.472000 12.658385
3.476000 12.658385
3.480000 12.658385
3.484000 12.658385
3.488000 12.658385
3.492000 12.658385
3.496000 12.658385
3.500000 12.658385
3.504000 12.658385
3.508000 12.658385
3.512000 12.658385
3.516000 12.658385
3.520000 12.658385
3.524000 12.658385
3.528000 12.658385
3.532000 12.658385
3.536000 12.658385
3.540000 12.658385
3.544000 12.658385
3.548000 12.658385
3.552000 12.658385
3.556000 12.658385
3.560000 12.658385
3.564000 12.658385
3.568000 12.658385
3.572000 12.658385
3.576000 12.658385
3.580000 12.658385
3.584000 12.658385
3.588000 12.658385
3.592000 12.658385
3.596000 12.658385
3.600000 12.658385
3.604000 12.658385
3.608000 12.658385
3.612000 12.658385
3.616000 12.658385
3.620000 12.658385
3.624000 12.658385
3.628000 12.658385
3.632000 12.658385
3.636000 12.658385
3.640000 12.658385
3.644000 12.658385
3.648000 12.658385
3.652000 12.658385
3.656000 12.658385
3.660000 12.658385
3.664000 12.658385
3.668000 12.658385
3.672000 12.658385
3.676000 12.658385
3.680000 12.658385
3.684000 12.658385
3.688000 12.658385
3.692000 12.658385
3.696000 12.658385
3.700000 12.658385
3.704000 12.658385
3.708000 12.658385
3.712000 12.658385
3.716000 12.658385
3.720000 12.658385
3.724000 12.658385
3.728000 12.658385
3.732000 12.658385
3.736000 12.658385
3.740000 12.658385
3.744000 12.658385
3.748000 12.658385
3.752000 12.658385
3.756000 12.658385
3.760000 12.658385
3.764000 12.658385
3.768000 12.658385
3.772000 12.658385
3.776000 12.658385
3.780000 12.658385
3.784000 12.658385
3.788000 12.658385
3.792000 12.658385
3.796000 12.658385
3.800000 12.658385
3.804000 12.658385
3.808000 12.658385
3.812000 12.658385
3.816000 12.658385
3.820000 12.658385
3.824000 12.658385
3.828000 12.658385
3.832000 12.658385
3.836000 12.658385
3.840000 12.658385
3.844000 12.658385
3.848000 12.658385
3.852000 12.658385
3.856000 12.658385
3.860000 12.658385
3.864000 12.658385
3.868000 12.658385
3.872000 12.658385
3.876000 12.658385
3.880000 12.658385
3.884000 12.658385
3.888000 12.658385
3.892000 12.658385
3.896000 12.658385
3.900000 12.658385
3.904000 12.658385
3.908000 12.658385
3.912000 12.658385
3.916000 12.658385
3.920000 12.658385
3.924000 12.658385
3.928000 12.658385
3.932000 12.658385
3.936000 12.658385
3.940000 12.658385
3.944000 12.658385
3.948000 12.658385
3.952000 12.658385
3.956000 12.658385
3.960000 12.658385
3.964000 12.658385
3.968000 12.658385
3.972000 12.658385
3.976000 12.658385
3.980000 12.658385
3.984000 12.658385
3.988000 12.658385
3.992000 12.658385
3.996000 12.658385
4.000000 12.658385
4.004000 12.658385
4.008000 12.658385
4.012000 12.658385
4.016000 12.658385
4.020000 12.658385
4.024000 12.658385
4.028000 12.658385
4.032000 12.658385
4.036000 12.658385
4.040000 12.658385
4.044000 12.658385
4.048000 12.658385
4.052000 12.658385
4.056000 12.658385
4.060000 12.658385
4.064000 12.658385
4.068000 12.658385
4.072000 12.658385
4.076000 12.658385
4.080000 12.658385
4.084000 12.658385
4.088000 12.658385
4.092000 12.658385
4.096000 12.658385
4.100000 12.658385
4.104000 12.658385
4.108000 12.658385
4.112000 12.658385
4.116000 12.658385
4.120000 12.658385
4.124000 12.658385
4.128000 12.658385
4.132000 12.658385
4.136000 12.658385
4.140000 12.658385
4.144000 12.658385
4.148000 12.658385
4.152000 12.658385
4.156000 12.658385
4.160000 12.658385
4.164000 12.658385
4.168000 12.658385
4.172000 12.658385
4.176000 12.658385
4.180000 12.658385
4.184000 12.658385
4.188000 12.658385
4.192000 12.658385
4.196000 12.658385
4.200000 12.658385
4.204000 12.658385
4.208000 12.658385
4.212000 12.658385
4.216000 12.658385
4.220000 12.658385
4.224000 12.658385
4.228000 12.658385
4.232000 12.658385
4.236000 12.658385
4.240000 12.658385
4.244000 12.658385
4.248000 12.658385
4.252000 12.658385
4.256000 12.658385
4.260000 12.658385
4.264000 12.658385
4.268000 12.658385
4.272000 12.658385
4.276000 12.658385
4.280000 12.658385
4.284000 12.658385
4.288000 12.658385
4.292000 12.658385
4.296000 12.658385
4.300000 12.658385
4.304000 12.658385
4.308000 12.658385
4.312000 12.658385
4.316000 12.658385
4.320000 12.658385
4.324000 12.658385
4.328000 12.658385
4.332000 12.658385
4.336000 12.658385
4.340000 12.658385
4.344000 12.658385
4.348000 12.658385
4.352000 12.658385
4.356000 12.658385
4.360000 12.658385
4.364000 12.658385
4.368000 12.658385
4.372000 12.658385
4.376000 12.658385
4.380000 12.658385
4.384000 12.658385
4.388000 12.658385
4.392000 12.658385
4.396000 12.658385
4.400000 12.658385
4.404000 12.658385
4.408000 12.658385
4.412000 12.658385
4.416000 12.658385
4.420000 12.658385
4.424000 12.658385
4.428000 12.658385
4.432000 12.658385
4.436000 12.658385
4.440000 12.658385
4.444000 12.658385
4.448000 12.658385
4.452000 12.658385
4.456000 12.658385
4.460000 12.658385
4.464000 12.658385
4.468000 12.658385
4.472000 12.658385
4.476000 12.658385
4.480000 12.658385
4.484000 12.658385
4.488000 12.658385
4.492000 12.658385
4.496000 12.658385
4.500000 12.658385
4.504000 12.658385
4.508000 12.658385
4.512000 12.658385
4.516000 12.658385
4.520000 12.658385
4.524000 12.658385
4.528000 12.658385
4.532000 12.658385
4.536000 12.658385
4.540000 12.658385
4.544000 12.658385
4.548000 12.658385
4.552000 12.658385
4.556000 12.658385
4.560000 12.658385
4.564000 12.658385
4.568000 12.658385
4.572000 12.658385
4.576000 12.658385
4.580000 12.658385
4.584000 12.658385
4.588000 12.658385
4.592000 12.658385
4.596000 12.658385
4.600000 12.658385
4.604000 12.658385
4.608000 12.658385
4.612000 12.658385
4.616000 12.658385
4.620000 12.658385
4.624000 12.658385
4.628000 12.658385
4.632000 12.658385
4.636000 12.658385
4.640000 12.658385
4.644000 12.658385
4.648000 12.658385
4.652000 12.658385
4.656000 12.658385
4.660000 12.658385
4.664000 12.658385
4.668000 12.658385
4.672000 12.658385
4.676000 12.658385
4.680000 12.658385
4.684000 12.658385
4.688000 12.658385
4.692000 12.658385
4.696000 12.658385
4.700000 12.658385
4.704000 12.658385
4.708000 12.658385
4.712000 12.658385
4.716000 12.658385
4.720000 12.658385
4.724000 12.658385
4.728000 12.658385
4.732000 12.658385
4.736000 12.658385
4.740000 12.658385
4.744000 12.658385
4.748000 12.658385
4.752000 12.658385
4.756000 12.658385
4.760000 12.658385
4.764000 12.658385
4.768000 12.658385
4.772000 12.658385
4.776000 12.658385
4.780000 12.658385
4.784000 12.658385
4.788000 12.658385
4.792000 12.658385
4.796000 12.658385
4.800000 12.658385
4.804000 12.658385
4.808000 12.658385
4.812000 12.658385
4.816000 12.658385
4.820000 12.658385
4.824000 12.658385
4.828000 12.658385
4.832000 12.658385
4.836000 12.658385
4.840000 12.658385
4.844000 12.658385
4.848000 12.658385
4.852000 12.658385
4.856000 12.658385
4.860000 12.658385
4.864000 12.658385
4.868000 12.658385
4.872000 12.658385
4.876000 12.658385
4.880000 12.658385
4.884000 12.658385
4.888000 12.658385
4.892000 12.658385
4.896000 12.658385
4.900000 12.658385
4.904000 12.658385
4.908000 12.658385
4.912000 12.658385
4.916000 12.658385
4.920000 12.658385
4.924000 12.658385
4.928000 12.658385
4.932000 12.658385
4.936000 12.658385
4.940000 12.658385
4.944000 12.658385
4.948000 12.658385
4.952000 12.658385
4.956000 12.658385
4.960000 12.658385
4.964000 12.658385
4.968000 12.658385
4.972000 12.658385
4.976000 12.658385
4.980000 12.658385
4.984000 12.658385
4.988000 12.658385
4.992000 12.658385
4.996000 12.658385
