0.012000 -86.173790
0.016000 -58.567329
0.020000 -42.254746
0.024000 -31.567371
0.028000 -24.340852
0.032000 -19.173208
0.036000 -15.040973
0.040000 -11.601014
0.044000 -8.875553
0.048000 -6.406400
0.052000 -4.284424
0.056000 -2.474959
0.060000 -0.993334
0.064000 0.190276
0.068000 1.192242
0.072000 2.115162
0.076000 2.948420
0.080000 3.807135
0.084000 4.658170
0.088000 5.425018
0.092000 6.056949
0.096000 6.539960
0.100000 7.005407
0.104000 7.439750
0.108000 7.812338
0.112000 8.234387
0.116000 8.742158
0.120000 9.301496
0.124000 9.749040
0.128000 10.024267
0.132000 10.251679
0.136000 10.601628
0.140000 10.859804
0.144000 10.956762
0.148000 11.093001
0.152000 11.283310
0.156000 11.456999
0.160000 11.538116
0.164000 11.721794
0.168000 11.873759
0.172000 12.001455
0.176000 12.125832
0.180000 12.233719
0.184000 12.254796
0.188000 12.428548
0.192000 12.517838
0.196000 12.576165
0.200000 12.765982
0.204000 12.844450
0.208000 13.050653
0.212000 13.145221
0.216000 13.123227
0.220000 13.209719
0.224000 13.286476
0.228000 13.287965
0.232000 13.301249
0.236000 13.409924
0.240000 13.442867
0.244000 13.407619
0.248000 13.480832
0.252000 13.462181
0.256000 13.481867
0.260000 13.589078
0.264000 13.853369
0.268000 14.049847
0.272000 14.138426
0.276000 14.156599
0.280000 14.182889
0.284000 14.226000
0.288000 14.198213
0.292000 14.247161
0.296000 14.266953
0.300000 14.252267
0.304000 14.349716
0.308000 14.512292
0.312000 14.524387
0.316000 14.618306
0.320000 14.624643
0.324000 14.695961
0.328000 14.758661
0.332000 14.821507
0.336000 14.855991
0.340000 14.778939
0.344000 14.727254
0.348000 14.823365
0.352000 14.922031
0.356000 14.869632
0.360000 14.928265
0.364000 14.905718
0.368000 14.835918
0.372000 14.744237
0.376000 14.681567
0.380000 14.775850
0.384000 14.905562
0.388000 14.883316
0.392000 14.933848
0.396000 15.002762
0.400000 15.107238
0.404000 15.201586
0.408000 15.195109
0.412000 15.237611
0.416000 15.335256
0.420000 15.364527
0.424000 15.383753
0.428000 15.347609
0.432000 15.280937
0.436000 15.359004
0.440000 15.422433
0.444000 15.454103
0.448000 15.490483
0.452000 15.506240
0.456000 15.403217
0.460000 15.376943
0.464000 15.425440
0.468000 15.472342
0.472000 15.513787
0.476000 15.599867
0.480000 15.571435
0.484000 15.567020
0.488000 15.593019
0.492000 15.584028
0.496000 15.562117
0.500000 15.503550
0.504000 15.545061
0.508000 15.572152
0.512000 15.588479
0.516000 15.717274
0.520000 15.754046
0.524000 15.893209
0.528000 15.932718
0.532000 15.982142
0.536000 16.023632
0.540000 16.111574
0.544000 16.289610
0.548000 16.327065
0.552000 16.375006
0.556000 16.407125
0.560000 16.358032
0.564000 16.349468
0.568000 16.302113
0.572000 16.267277
0.576000 16.208085
0.580000 16.114364
0.584000 16.160630
0.588000 16.127607
0.592000 16.068354
0.596000 16.077460
0.600000 16.155076
0.604000 16.199838
0.608000 16.269252
0.612000 16.290858
0.616000 16.356633
0.620000 16.348428
0.624000 16.251649
0.628000 16.158100
0.632000 16.125979
0.636000 16.198742
0.640000 16.318607
0.644000 16.266556
0.648000 16.220150
0.652000 16.234876
0.656000 16.215798
0.660000 16.243907
0.664000 16.224527
0.668000 16.192655
0.672000 16.126186
0.676000 16.217177
0.680000 16.225732
0.684000 16.267762
0.688000 16.381542
0.692000 16.422252
0.696000 16.379008
0.700000 16.333717
0.704000 16.327830
0.708000 16.358542
0.712000 16.431921
0.716000 16.515510
0.720000 16.590129
0.724000 16.616188
0.728000 16.647019
0.732000 16.719427
0.736000 16.784542
0.740000 16.865572
0.744000 16.810894
0.748000 16.820110
0.752000 16.838013
0.756000 16.921100
0.760000 16.963678
0.764000 16.905366
0.768000 16.821534
0.772000 16.890269
0.776000 16.921400
0.780000 16.889504
0.784000 16.890116
0.788000 16.886894
0.792000 16.923358
0.796000 16.935390
0.800000 16.843971
0.804000 16.780854
0.808000 16.835326
0.812000 16.891288
0.816000 16.937241
0.820000 16.945613
0.824000 16.862702
0.828000 16.832734
0.832000 16.958132
0.836000 17.022928
0.840000 17.068989
0.844000 17.048389
0.848000 17.074867
0.852000 17.052861
0.856000 17.042179
0.860000 17.032295
0.864000 17.030646
0.868000 17.014760
0.872000 16.941893
0.876000 16.893915
0.880000 17.002500
0.884000 17.056717
0.888000 17.085196
0.892000 17.191557
0.896000 17.169882
0.900000 17.110924
0.904000 17.109946
0.908000 17.128085
0.912000 17.142992
0.916000 17.166798
0.920000 17.243487
0.924000 17.268400
0.928000 17.260968
0.932000 17.285630
0.936000 17.397476
0.940000 17.508312
0.944000 17.433233
0.948000 17.369065
0.952000 17.351846
0.956000 17.268894
0.960000 17.283999
0.964000 17.293092
0.968000 17.313604
0.972000 17.232871
0.976000 17.228713
0.980000 17.235310
0.984000 17.189094
0.988000 17.218732
0.992000 17.264971
0.996000 17.382281
1.000000 17.420833
1.004000 17.393249
1.008000 17.437486
1.012000 17.506075
1.016000 17.485601
1.020000 17.463050
1.024000 17.441393
1.028000 17.384883
1.032000 17.383891
1.036000 17.350877
1.040000 17.350625
1.044000 17.353271
1.048000 17.430734
1.052000 17.470251
1.056000 17.460837
1.060000 17.458918
1.064000 17.522513
1.068000 17.554098
1.072000 17.521368
1.076000 17.559929
1.080000 17.534263
1.084000 17.631366
1.088000 17.752297
1.092000 17.869087
1.096000 17.893860
1.100000 17.872483
1.104000 17.856774
1.108000 17.760516
1.112000 17.785362
1.116000 17.796228
1.120000 17.706207
1.124000 17.667952
1.128000 17.645611
1.132000 17.572132
1.136000 17.484394
1.140000 17.458056
1.144000 17.472362
1.148000 17.520878
1.152000 17.571133
1.156000 17.606836
1.160000 17.619001
1.164000 17.545507
1.168000 17.481895
1.172000 17.488126
1.176000 17.507632
1.180000 17.628692
1.184000 17.748165
1.188000 17.840703
1.192000 17.933716
1.196000 17.874580
1.200000 17.801821
1.204000 17.776951
1.208000 17.751474
1.212000 17.719499
1.216000 17.718725
1.220000 17.732074
1.224000 17.777221
1.228000 17.757908
1.232000 17.786675
1.236000 17.825761
1.240000 17.857936
1.244000 17.844336
1.248000 17.894722
1.252000 17.944275
1.256000 17.934225
1.260000 17.882263
1.264000 17.867779
1.268000 17.876014
1.272000 17.831138
1.276000 17.847596
1.280000 17.851856
1.284000 17.871607
1.288000 17.847939
1.292000 17.900337
1.296000 18.004057
1.300000 18.026489
1.304000 18.100331
1.308000 18.138674
1.312000 18.186998
1.316000 18.233803
1.320000 18.160647
1.324000 18.135943
1.328000 18.107845
1.332000 18.116167
1.336000 18.052072
1.340000 18.082682
1.344000 18.111631
1.348000 18.180888
1.352000 18.287439
1.356000 18.272139
1.360000 18.190048
1.364000 18.111093
1.368000 18.111168
1.372000 18.144697
1.376000 18.176931
1.380000 18.275779
1.384000 18.271846
1.388000 18.249983
1.392000 18.241367
1.396000 18.308835
1.400000 18.346098
1.404000 18.298542
1.408000 18.274355
1.412000 18.250456
1.416000 18.318815
1.420000 18.434861
1.424000 18.472099
1.428000 18.498108
1.432000 18.485533
1.436000 18.424932
1.440000 18.400681
1.444000 18.403907
1.448000 18.387274
1.452000 18.349063
1.456000 18.275268
1.460000 18.283465
1.464000 18.304672
1.468000 18.293799
1.472000 18.328361
1.476000 18.323852
1.480000 18.346901
1.484000 18.423045
1.488000 18.453097
1.492000 18.414728
1.496000 18.375879
1.500000 18.406977
1.504000 18.337851
1.508000 18.242448
1.512000 18.301397
1.516000 18.406260
1.520000 18.470407
1.524000 18.522735
1.528000 18.485898
1.532000 18.564334
1.536000 18.536081
1.540000 18.423642
1.544000 18.441944
1.548000 18.522102
1.552000 18.565739
1.556000 18.583966
1.560000 18.632283
1.564000 18.645533
1.568000 18.682550
1.572000 18.675649
1.576000 18.603831
1.580000 18.502866
1.584000 18.453025
1.588000 18.473357
1.592000 18.500826
1.596000 18.526549
1.600000 18.533995
1.604000 18.631043
1.608000 18.654455
1.612000 18.647962
1.616000 18.669102
1.620000 18.661264
1.624000 18.604891
1.628000 18.498268
1.632000 18.487859
1.636000 18.540625
1.640000 18.533601
1.644000 18.511304
1.648000 18.471086
1.652000 18.423516
1.656000 18.395467
1.660000 18.422388
1.664000 18.418108
1.668000 18.486220
1.672000 18.546549
1.676000 18.557307
1.680000 18.622777
1.684000 18.692619
1.688000 18.744924
1.692000 18.823164
1.696000 18.820501
1.700000 18.733805
1.704000 18.641491
1.708000 18.643524
1.712000 18.665134
1.716000 18.724970
1.720000 18.701051
1.724000 18.657452
1.728000 18.599998
1.732000 18.526397
1.736000 18.528216
1.740000 18.557659
1.744000 18.546198
1.748000 18.541809
1.752000 18.525330
1.756000 18.519661
1.760000 18.552021
1.764000 18.546212
1.768000 18.557379
1.772000 18.615146
1.776000 18.666534
1.780000 18.688280
1.784000 18.710206
1.788000 18.719762
1.792000 18.721530
1.796000 18.723653
1.800000 18.747907
1.804000 18.776510
1.808000 18.795251
1.812000 18.751365
1.816000 18.682592
1.820000 18.702320
1.824000 18.737683
1.828000 18.785425
1.832000 18.825024
1.836000 18.881883
1.840000 18.910042
1.844000 18.883203
1.848000 18.829761
1.852000 18.783254
1.856000 18.787178
1.860000 18.788346
1.864000 18.793626
1.868000 18.805798
1.872000 18.805514
1.876000 18.799458
1.880000 18.882086
1.884000 18.902028
1.888000 18.807784
1.892000 18.783187
1.896000 18.750548
1.900000 18.685344
1.904000 18.647037
1.908000 18.638884
1.912000 18.676987
1.916000 18.719118
1.920000 18.800071
1.924000 18.837258
1.928000 18.834102
1.932000 18.858960
1.936000 18.842328
1.940000 18.823005
1.944000 18.721169
1.948000 18.713720
1.952000 18.720381
1.956000 18.751985
1.960000 18.756023
1.964000 18.747545
1.968000 18.758486
1.972000 18.787558
1.976000 18.801468
1.980000 18.818661
1.984000 18.827770
1.988000 18.815865
1.992000 18.760408
1.996000 18.725206
2.000000 18.720410
2.004000 18.720260
2.008000 18.726383
2.012000 18.724897
2.016000 18.735773
2.020000 18.774230
2.024000 18.823726
2.028000 18.869522
2.032000 18.944085
2.036000 19.004129
2.040000 18.994885
2.044000 18.984136
2.048000 18.893460
2.052000 18.833911
2.056000 18.810171
2.060000 18.888263
2.064000 19.054139
2.068000 19.102518
2.072000 19.082296
2.076000 19.069742
2.080000 19.008363
2.084000 18.944832
2.088000 18.961636
2.092000 18.987388
2.096000 18.998897
2.100000 19.043966
2.104000 18.998692
2.108000 19.020590
2.112000 19.050821
2.116000 19.072257
2.120000 19.020215
2.124000 18.961102
2.128000 18.937657
2.132000 18.967244
2.136000 19.015252
2.140000 19.044433
2.144000 19.039021
2.148000 19.021694
2.152000 18.976299
2.156000 18.959167
2.160000 19.005668
2.164000 19.057136
2.168000 19.079620
2.172000 19.056981
2.176000 19.021743
2.180000 19.055333
2.184000 19.035749
2.188000 19.072709
2.192000 19.142314
2.196000 19.284756
2.200000 19.376812
2.204000 19.363829
2.208000 19.316255
2.212000 19.268588
2.216000 19.208592
2.220000 19.158672
2.224000 19.092586
2.228000 19.054211
2.232000 19.068631
2.236000 19.024527
2.240000 18.988524
2.244000 18.954557
2.248000 18.958812
2.252000 19.010183
2.256000 19.071963
2.260000 19.173092
2.264000 19.181968
2.268000 19.149052
2.272000 19.071024
2.276000 18.977908
2.280000 18.940273
2.284000 18.983212
2.288000 18.974767
2.292000 18.961985
2.296000 18.967447
2.300000 19.017356
2.304000 19.074891
2.308000 19.069064
2.312000 19.080826
2.316000 19.112438
2.320000 19.105088
2.324000 19.117515
2.328000 19.142059
2.332000 19.178419
2.336000 19.226319
2.340000 19.235046
2.344000 19.274827
2.348000 19.253783
2.352000 19.221303
2.356000 19.186331
2.360000 19.177058
2.364000 19.167968
2.368000 19.214648
2.372000 19.237710
2.376000 19.261036
2.380000 19.230708
2.384000 19.254038
2.388000 19.257138
2.392000 19.230896
2.396000 19.283640
2.400000 19.272703
2.404000 19.244878
2.408000 19.233107
2.412000 19.242482
2.416000 19.224257
2.420000 19.121410
2.424000 19.073374
2.428000 19.061734
2.432000 19.063428
2.436000 19.055156
2.440000 19.141588
2.444000 19.225421
2.448000 19.301578
2.452000 19.338744
2.456000 19.289154
2.460000 19.276150
2.464000 19.270768
2.468000 19.243463
2.472000 19.269418
2.476000 19.301302
2.480000 19.282760
2.484000 19.239326
2.488000 19.225615
2.492000 19.217863
2.496000 19.152096
2.500000 19.101378
2.504000 19.109682
2.508000 19.180146
2.512000 19.225195
2.516000 19.229853
2.520000 19.242696
2.524000 19.211392
2.528000 19.195356
2.532000 19.210785
2.536000 19.200630
2.540000 19.172063
2.544000 19.204540
2.548000 19.242775
2.552000 19.276408
2.556000 19.328711
2.560000 19.309266
2.564000 19.265724
2.568000 19.294274
2.572000 19.319649
2.576000 19.337106
2.580000 19.328666
2.584000 19.324548
2.588000 19.367163
2.592000 19.348055
2.596000 19.324388
2.600000 19.312155
2.604000 19.328141
2.608000 19.337507
2.612000 19.325451
2.616000 19.332857
2.620000 19.347066
2.624000 19.360117
2.628000 19.358894
2.632000 19.300955
2.636000 19.229937
2.640000 19.226129
2.644000 19.216810
2.648000 19.257388
2.652000 19.301238
2.656000 19.264208
2.660000 19.235949
2.664000 19.295175
2.668000 19.341485
2.672000 19.349214
2.676000 19.418913
2.680000 19.420169
2.684000 19.404468
2.688000 19.360841
2.692000 19.311683
2.696000 19.319572
2.700000 19.341869
2.704000 19.365804
2.708000 19.450269
2.712000 19.543684
2.716000 19.554313
2.720000 19.562284
2.724000 19.548103
2.728000 19.477780
2.732000 19.436545
2.736000 19.431848
2.740000 19.375479
2.744000 19.351405
2.748000 19.382373
2.752000 19.419933
2.756000 19.455035
2.760000 19.449908
2.764000 19.451582
2.768000 19.494183
2.772000 19.514359
2.776000 19.486841
2.780000 19.535448
2.784000 19.581032
2.788000 19.577126
2.792000 19.571426
2.796000 19.519904
2.800000 19.477154
2.804000 19.440999
2.808000 19.424391
2.812000 19.446521
2.816000 19.494590
2.820000 19.562742
2.824000 19.545639
2.828000 19.504952
2.832000 19.511113
2.836000 19.518445
2.840000 19.467678
2.844000 19.411143
2.848000 19.367721
2.852000 19.378573
2.856000 19.448918
2.860000 19.501523
2.864000 19.520856
2.868000 19.572342
2.872000 19.569034
2.876000 19.559059
2.880000 19.543800
2.884000 19.573864
2.888000 19.617506
2.892000 19.615281
2.896000 19.593675
2.900000 19.600793
2.904000 19.571463
2.908000 19.544678
2.912000 19.540594
2.916000 19.523365
2.920000 19.543388
2.924000 19.589492
2.928000 19.674779
2.932000 19.714876
2.936000 19.681786
2.940000 19.648745
2.944000 19.609871
2.948000 19.545533
2.952000 19.510226
2.956000 19.541278
2.960000 19.555684
2.964000 19.563666
2.968000 19.577765
2.972000 19.577515
2.976000 19.605546
2.980000 19.629299
2.984000 19.654233
2.988000 19.637569
2.992000 19.608032
2.996000 19.644534
3.000000 19.655252
3.004000 19.673711
3.008000 19.652584
3.012000 19.658238
3.016000 19.613079
3.020000 19.615499
3.024000 19.662211
3.028000 19.609763
3.032000 19.553775
3.036000 19.606355
3.040000 19.688461
3.044000 19.696750
3.048000 19.678589
3.052000 19.638041
3.056000 19.606599
3.060000 19.588660
3.064000 19.574729
3.068000 19.542578
3.072000 19.557648
3.076000 19.577595
3.080000 19.625228
3.084000 19.658768
3.088000 19.655448
3.092000 19.616306
3.096000 19.623723
3.100000 19.584331
3.104000 19.581906
3.108000 19.611315
3.112000 19.658783
3.116000 19.662689
3.120000 19.588621
3.124000 19.557588
3.128000 19.560350
3.132000 19.581698
3.136000 19.621008
3.140000 19.671786
3.144000 19.680475
3.148000 19.646855
3.152000 19.617776
3.156000 19.619099
3.160000 19.666348
3.164000 19.702123
3.168000 19.712624
3.172000 19.692332
3.176000 19.725170
3.180000 19.729084
3.184000 19.694510
3.188000 19.672612
3.192000 19.693005
3.196000 19.685501
3.200000 19.631249
3.204000 19.619929
3.208000 19.622518
3.212000 19.602861
3.216000 19.578122
3.220000 19.552905
3.224000 19.553699
3.228000 19.595377
3.232000 19.634261
3.236000 19.661464
3.240000 19.688595
3.244000 19.705530
3.248000 19.705825
3.252000 19.704101
3.256000 19.723193
3.260000 19.730140
3.264000 19.778658
3.268000 19.756663
3.272000 19.725712
3.276000 19.711457
3.280000 19.700494
3.284000 19.733539
3.288000 19.763954
3.292000 19.798722
3.296000 19.749715
3.300000 19.721664
3.304000 19.728878
3.308000 19.711760
3.312000 19.692231
3.316000 19.652370
3.320000 19.642223
3.324000 19.686172
3.328000 19.703284
3.332000 19.719645
3.336000 19.746471
3.340000 19.753845
3.344000 19.771204
3.348000 19.840732
3.352000 19.891315
3.356000 19.886540
3.360000 19.909130
3.364000 19.907377
3.368000 19.899619
3.372000 19.910200
3.376000 19.918854
3.380000 19.880666
3.384000 19.825019
3.388000 19.812787
3.392000 19.832790
3.396000 19.863074
3.400000 19.839092
3.404000 19.793234
3.408000 19.794908
3.412000 19.769617
3.416000 19.780405
3.420000 19.815197
3.424000 19.783928
3.428000 19.761686
3.432000 19.800105
3.436000 19.835570
3.440000 19.822200
3.444000 19.801782
3.448000 19.804970
3.452000 19.797751
3.456000 19.775261
3.460000 19.789717
3.464000 19.823507
3.468000 19.847647
3.472000 19.824116
3.476000 19.811048
3.480000 19.852097
3.484000 19.881546
3.488000 19.874293
3.492000 19.871736
3.496000 19.862953
3.500000 19.854697
3.504000 19.824780
3.508000 19.825192
3.512000 19.854581
3.516000 19.889764
3.520000 19.880139
3.524000 19.874092
3.528000 19.844642
3.532000 19.863774
3.536000 19.869783
3.540000 19.841764
3.544000 19.856313
3.548000 19.867703
3.552000 19.860757
3.556000 19.885657
3.560000 19.868589
3.564000 19.846847
3.568000 19.872502
3.572000 19.891247
3.576000 19.935584
3.580000 19.975832
3.584000 19.972683
3.588000 19.937621
3.592000 19.885662
3.596000 19.913259
3.600000 19.909984
3.604000 19.921850
3.608000 19.931001
3.612000 19.947590
3.616000 19.940750
3.620000 19.927380
3.624000 19.952401
3.628000 19.984660
3.632000 19.969810
3.636000 19.972056
3.640000 19.994626
3.644000 20.029810
3.648000 20.060469
3.652000 20.065288
3.656000 20.057305
3.660000 20.033593
3.664000 20.014727
3.668000 19.985755
3.672000 19.953005
3.676000 19.951228
3.680000 19.927290
3.684000 19.904876
3.688000 19.907487
3.692000 19.910486
3.696000 19.920219
3.700000 19.957797
3.704000 19.967758
3.708000 19.915501
3.712000 19.824612
3.716000 19.832873
3.720000 19.856374
3.724000 19.880302
3.728000 19.907623
3.732000 19.942193
3.736000 19.973444
3.740000 19.991445
3.744000 19.977442
3.748000 19.995319
3.752000 19.969957
3.756000 19.926327
3.760000 19.898654
3.764000 19.906639
3.768000 19.918637
3.772000 19.918626
3.776000 19.928478
3.780000 19.917761
3.784000 19.911740
3.788000 19.934160
3.792000 19.975686
3.796000 20.030632
3.800000 20.035814
3.804000 20.021764
3.808000 20.029719
3.812000 20.023970
3.816000 19.982986
3.820000 19.929502
3.824000 19.906353
3.828000 19.894645
3.832000 19.913085
3.836000 19.985031
3.840000 20.042805
3.844000 20.060555
3.848000 20.063678
3.852000 20.040501
3.856000 20.043716
3.860000 20.099974
3.864000 20.131426
3.868000 20.138436
3.872000 20.146884
3.876000 20.159895
3.880000 20.106708
3.884000 20.065826
3.888000 20.050978
3.892000 20.047034
3.896000 20.060682
3.900000 20.082193
3.904000 20.085813
3.908000 20.128218
3.912000 20.148763
3.916000 20.131057
3.920000 20.071331
3.924000 20.060896
3.928000 20.115703
3.932000 20.137919
3.936000 20.146572
3.940000 20.166140
3.944000 20.164225
3.948000 20.177913
3.952000 20.214365
3.956000 20.224145
3.960000 20.179214
3.964000 20.133154
3.968000 20.114885
3.972000 20.130631
3.976000 20.127775
3.980000 20.091360
3.984000 20.103632
3.988000 20.104601
3.992000 20.086484
3.996000 20.075110
4.000000 20.085342
4.004000 20.067363
4.008000 20.077099
4.012000 20.076754
4.016000 20.089467
4.020000 20.088623
4.024000 20.117436
4.028000 20.136278
4.032000 20.158226
4.036000 20.144188
4.040000 20.143167
4.044000 20.151781
4.048000 20.122318
4.052000 20.115572
4.056000 20.137402
4.060000 20.101224
4.064000 20.045720
4.068000 20.050977
4.072000 20.091053
4.076000 20.155290
4.080000 20.171479
4.084000 20.161851
4.088000 20.144840
4.092000 20.145558
4.096000 20.146574
4.100000 20.125544
4.104000 20.133007
4.108000 20.128814
4.112000 20.111528
4.116000 20.075364
4.120000 20.074841
4.124000 20.122392
4.128000 20.148601
4.132000 20.159164
4.136000 20.160540
4.140000 20.181137
4.144000 20.195091
4.148000 20.156987
4.152000 20.183776
4.156000 20.223261
4.160000 20.219508
4.164000 20.190670
4.168000 20.170084
4.172000 20.167470
4.176000 20.109954
4.180000 20.121737
4.184000 20.174799
4.188000 20.201642
4.192000 20.186312
4.196000 20.150100
4.200000 20.125732
4.204000 20.138615
4.208000 20.135385
4.212000 20.126156
4.216000 20.127516
4.220000 20.101781
4.224000 20.121047
4.228000 20.116989
4.232000 20.125624
4.236000 20.171614
4.240000 20.184259
4.244000 20.182508
4.248000 20.159092
4.252000 20.154192
4.256000 20.189440
4.260000 20.186622
4.264000 20.172541
4.268000 20.164169
4.272000 20.132015
4.276000 20.138270
4.280000 20.162756
4.284000 20.210105
4.288000 20.220632
4.292000 20.219700
4.296000 20.180237
4.300000 20.162550
4.304000 20.161033
4.308000 20.171910
4.312000 20.167819
4.316000 20.191979
4.320000 20.200189
4.324000 20.205424
4.328000 20.202573
4.332000 20.201886
4.336000 20.192358
4.340000 20.206221
4.344000 20.202795
4.348000 20.164036
4.352000 20.154331
4.356000 20.160432
4.360000 20.141767
4.364000 20.119407
4.368000 20.116289
4.372000 20.165154
4.376000 20.205823
4.380000 20.212137
4.384000 20.227034
4.388000 20.250933
4.392000 20.286564
4.396000 20.316132
4.400000 20.311923
4.404000 20.322824
4.408000 20.308555
4.412000 20.297966
4.416000 20.303549
4.420000 20.288945
4.424000 20.267711
4.428000 20.255735
4.432000 20.249954
4.436000 20.282378
4.440000 20.297776
4.444000 20.296229
4.448000 20.302855
4.452000 20.294268
4.456000 20.288609
4.460000 20.288308
4.464000 20.281919
4.468000 20.275380
4.472000 20.260785
4.476000 20.233348
4.480000 20.214635
4.484000 20.235958
4.488000 20.274521
4.492000 20.293208
4.496000 20.310138
4.500000 20.295399
4.504000 20.285035
4.508000 20.290742
4.512000 20.285531
4.516000 20.286698
4.520000 20.283186
4.524000 20.254387
4.528000 20.260315
4.532000 20.286755
4.536000 20.283541
4.540000 20.290832
4.544000 20.295738
4.548000 20.298243
4.552000 20.277481
4.556000 20.290337
4.560000 20.294847
4.564000 20.293222
4.568000 20.302885
4.572000 20.326027
4.576000 20.350055
4.580000 20.340641
4.584000 20.333936
4.588000 20.319493
4.592000 20.335680
4.596000 20.305526
4.600000 20.304342
4.604000 20.310090
4.608000 20.309384
4.612000 20.295118
4.616000 20.293484
4.620000 20.285878
4.624000 20.297635
4.628000 20.266292
4.632000 20.239769
4.636000 20.239029
4.640000 20.252187
4.644000 20.269283
4.648000 20.282479
4.652000 20.290059
4.656000 20.289034
4.660000 20.269447
4.664000 20.297459
4.668000 20.319672
4.672000 20.326561
4.676000 20.287495
4.680000 20.277140
4.684000 20.281110
4.688000 20.287916
4.692000 20.264342
4.696000 20.247341
4.700000 20.272089
4.704000 20.293052
4.708000 20.313294
4.712000 20.340594
4.716000 20.329798
4.720000 20.315118
4.724000 20.366287
4.728000 20.356846
4.732000 20.345767
4.736000 20.340894
4.740000 20.321948
4.744000 20.311949
4.748000 20.313880
4.752000 20.318630
4.756000 20.320644
4.760000 20.309187
4.764000 20.312746
4.768000 20.365653
4.772000 20.375447
4.776000 20.392827
4.780000 20.394904
4.784000 20.399051
4.788000 20.391490
4.792000 20.387317
4.796000 20.390039
4.800000 20.386019
4.804000 20.360859
4.808000 20.361744
4.812000 20.330923
4.816000 20.336892
4.820000 20.383727
4.824000 20.399385
4.828000 20.394299
4.832000 20.371296
4.836000 20.359137
4.840000 20.366077
4.844000 20.384345
4.848000 20.363280
4.852000 20.343082
4.856000 20.365998
4.860000 20.388588
4.864000 20.376697
4.868000 20.382308
4.872000 20.419999
4.876000 20.438735
4.880000 20.429783
4.884000 20.403762
4.888000 20.372204
4.892000 20.350754
4.896000 20.336552
4.900000 20.341456
4.904000 20.343900
4.908000 20.342266
4.912000 20.337432
4.916000 20.328141
4.920000 20.310018
4.924000 20.294943
4.928000 20.299040
4.932000 20.336161
4.936000 20.373572
4.940000 20.393723
4.944000 20.415730
4.948000 20.436966
4.952000 20.438518
4.956000 20.422132
4.960000 20.390992
4.964000 20.395088
4.968000 20.424323
4.972000 20.428465
4.976000 20.438972
4.980000 20.451604
4.984000 20.445079
4.988000 20.430436
4.992000 20.417565
4.996000 20.403651
