0.012000 11.036179
0.016000 12.570103
0.020000 12.654660
0.024000 12.777729
0.028000 12.582079
0.032000 12.642845
0.036000 12.649234
0.040000 12.704462
0.044000 12.584939
0.048000 12.594696
0.052000 12.606183
0.056000 12.658846
0.060000 12.622617
0.064000 12.579808
0.068000 12.637891
0.072000 12.708018
0.076000 12.689815
0.080000 12.658901
0.084000 12.681385
0.088000 12.701237
0.092000 12.690427
0.096000 12.666828
0.100000 12.667270
0.104000 12.704777
0.108000 12.717796
0.112000 12.688765
0.116000 12.645021
0.120000 12.700342
0.124000 12.734737
0.128000 12.692258
0.132000 12.680581
0.136000 12.727569
0.140000 12.708690
0.144000 12.671540
0.148000 12.688068
0.152000 12.737431
0.156000 12.813179
0.160000 12.790795
0.164000 12.730195
0.168000 12.694535
0.172000 12.705463
0.176000 12.736920
0.180000 12.724525
0.184000 12.716485
0.188000 12.749494
0.192000 12.768800
0.196000 12.751544
0.200000 12.712924
0.204000 12.715751
0.208000 12.769994
0.212000 12.757945
0.216000 12.719368
0.220000 12.654142
0.224000 12.647864
0.228000 12.700014
0.232000 12.728023
0.236000 12.673029
0.240000 12.660465
0.244000 12.693631
0.248000 12.717565
0.252000 12.706916
0.256000 12.700037
0.260000 12.717911
0.264000 12.725720
0.268000 12.705790
0.272000 12.703521
0.276000 12.697897
0.280000 12.720403
0.284000 12.705072
0.288000 12.679886
0.292000 12.706533
0.296000 12.735121
0.300000 12.750548
0.304000 12.743660
0.308000 12.740888
0.312000 12.725168
0.316000 12.718888
0.320000 12.681321
0.324000 12.618039
0.328000 12.619940
0.332000 12.660655
0.336000 12.675411
0.340000 12.689612
0.344000 12.698503
0.348000 12.729470
0.352000 12.730854
0.356000 12.713267
0.360000 12.704126
0.364000 12.713337
0.368000 12.736079
0.372000 12.748583
0.376000 12.734386
0.380000 12.725317
0.384000 12.697730
0.388000 12.671767
0.392000 12.656685
0.396000 12.704001
0.400000 12.750243
0.404000 12.761500
0.408000 12.734888
0.412000 12.688875
0.416000 12.705205
0.420000 12.786079
0.424000 12.821925
0.428000 12.813351
0.432000 12.785127
0.436000 12.771067
0.440000 12.789495
0.444000 12.767969
0.448000 12.711768
0.452000 12.678078
0.456000 12.719818
0.460000 12.753222
0.464000 12.781030
0.468000 12.753000
0.472000 12.767434
0.476000 12.785727
0.480000 12.750788
0.484000 12.724687
0.488000 12.736037
0.492000 12.787535
0.496000 12.784275
0.500000 12.754485
0.504000 12.758221
0.508000 12.797174
0.512000 12.819697
0.516000 12.785970
0.520000 12.757756
0.524000 12.786325
0.528000 12.839954
0.532000 12.812292
0.536000 12.757499
0.540000 12.770292
0.544000 12.823291
0.548000 12.845183
0.552000 12.836983
0.556000 12.799390
0.560000 12.777614
0.564000 12.773366
0.568000 12.776272
0.572000 12.737585
0.576000 12.725012
0.580000 12.750846
0.584000 12.760545
0.588000 12.763263
0.592000 12.721764
0.596000 12.702767
0.600000 12.729996
0.604000 12.765316
0.608000 12.754770
0.612000 12.726257
0.616000 12.734224
0.620000 12.756417
0.624000 12.740259
0.628000 12.703128
0.632000 12.745854
0.636000 12.778926
0.640000 12.785761
0.644000 12.772223
0.648000 12.770034
0.652000 12.759322
0.656000 12.746765
0.660000 12.740864
0.664000 12.753151
0.668000 12.755211
0.672000 12.812242
0.676000 12.806546
0.680000 12.764762
0.684000 12.777221
0.688000 12.805376
0.692000 12.840319
0.696000 12.852540
0.700000 12.835671
0.704000 12.837118
0.708000 12.836405
0.712000 12.846331
0.716000 12.797160
0.720000 12.747366
0.724000 12.717349
0.728000 12.790978
0.732000 12.844850
0.736000 12.822270
0.740000 12.759002
0.744000 12.766885
0.748000 12.815777
0.752000 12.792543
0.756000 12.775173
0.760000 12.757701
0.764000 12.772099
0.768000 12.768945
0.772000 12.774106
0.776000 12.774631
0.780000 12.819641
0.784000 12.849423
0.788000 12.839660
0.792000 12.804929
0.796000 12.766347
0.800000 12.778437
0.804000 12.784044
0.808000 12.788144
0.812000 12.769576
0.816000 12.779399
0.820000 12.793191
0.824000 12.781601
0.828000 12.767924
0.832000 12.802038
0.836000 12.864797
0.840000 12.869335
0.844000 12.831906
0.848000 12.830093
0.852000 12.842861
0.856000 12.847145
0.860000 12.814180
0.864000 12.795510
0.868000 12.772764
0.872000 12.781779
0.876000 12.809943
0.880000 12.824002
0.884000 12.820752
0.888000 12.784006
0.892000 12.799074
0.896000 12.806871
0.900000 12.790625
0.904000 12.781849
0.908000 12.766640
0.912000 12.772745
0.916000 12.779618
0.920000 12.772638
0.924000 12.777067
0.928000 12.798664
0.932000 12.810325
0.936000 12.803161
0.940000 12.787455
0.944000 12.785863
0.948000 12.793841
0.952000 12.822767
0.956000 12.839665
0.960000 12.803061
0.964000 12.764270
0.968000 12.747471
0.972000 12.771025
0.976000 12.775710
0.980000 12.764074
0.984000 12.752471
0.988000 12.768714
0.992000 12.797862
0.996000 12.791397
1.000000 12.733807
1.004000 12.695752
1.008000 12.735224
1.012000 12.786261
1.016000 12.812153
1.020000 12.797115
1.024000 12.789649
1.028000 12.798898
1.032000 12.802137
1.036000 12.810332
1.040000 12.795274
1.044000 12.756901
1.048000 12.769726
1.052000 12.804717
1.056000 12.817150
1.060000 12.811053
1.064000 12.775563
1.068000 12.791207
1.072000 12.810152
1.076000 12.808220
1.080000 12.813388
1.084000 12.843819
1.088000 12.835641
1.092000 12.823121
1.096000 12.800758
1.100000 12.793910
1.104000 12.799418
1.108000 12.786151
1.112000 12.763599
1.116000 12.783423
1.120000 12.829674
1.124000 12.852735
1.128000 12.837691
1.132000 12.805783
1.136000 12.804206
1.140000 12.820746
1.144000 12.812317
1.148000 12.791437
1.152000 12.834114
1.156000 12.870465
1.160000 12.860668
1.164000 12.826306
1.168000 12.836366
1.172000 12.839489
1.176000 12.827126
1.180000 12.815450
1.184000 12.838888
1.188000 12.863833
1.192000 12.852525
1.196000 12.837489
1.200000 12.820340
1.204000 12.807409
1.208000 12.816147
1.212000 12.801857
1.216000 12.817797
1.220000 12.853973
1.224000 12.864570
1.228000 12.842631
1.232000 12.835081
1.236000 12.837804
1.240000 12.833793
1.244000 12.843542
1.248000 12.834091
1.252000 12.829833
1.256000 12.846022
1.260000 12.852268
1.264000 12.844279
1.268000 12.829987
1.272000 12.842208
1.276000 12.837731
1.280000 12.857660
1.284000 12.871107
1.288000 12.886781
1.292000 12.859642
1.296000 12.867924
1.300000 12.911711
1.304000 12.893371
1.308000 12.849364
1.312000 12.840689
1.316000 12.859960
1.320000 12.886212
1.324000 12.909007
1.328000 12.880736
1.332000 12.839800
1.336000 12.843233
1.340000 12.857195
1.344000 12.854552
1.348000 12.819361
1.352000 12.839447
1.356000 12.876406
1.360000 12.871462
1.364000 12.862465
1.368000 12.871915
1.372000 12.902006
1.376000 12.905399
1.380000 12.866391
1.384000 12.855363
1.388000 12.878612
1.392000 12.900340
1.396000 12.905192
1.400000 12.876380
1.404000 12.839772
1.408000 12.841295
1.412000 12.875346
1.416000 12.866742
1.420000 12.863704
1.424000 12.846611
1.428000 12.837647
1.432000 12.862144
1.436000 12.898709
1.440000 12.903309
1.444000 12.886005
1.448000 12.900079
1.452000 12.907613
1.456000 12.876234
1.460000 12.867344
1.464000 12.877941
1.468000 12.885128
1.472000 12.909860
1.476000 12.919390
1.480000 12.896777
1.484000 12.891107
1.488000 12.893671
1.492000 12.886730
1.496000 12.878001
1.500000 12.886610
1.504000 12.868274
1.508000 12.864873
1.512000 12.865161
1.516000 12.877275
1.520000 12.881111
1.524000 12.881349
1.528000 12.884225
1.532000 12.892691
1.536000 12.929945
1.540000 12.943912
1.544000 12.932608
1.548000 12.890597
1.552000 12.868140
1.556000 12.878214
1.560000 12.917119
1.564000 12.937207
1.568000 12.937474
1.572000 12.934878
1.576000 12.947361
1.580000 12.946198
1.584000 12.944664
1.588000 12.920006
1.592000 12.868211
1.596000 12.855942
1.600000 12.902024
1.604000 12.935268
1.608000 12.916875
1.612000 12.876673
1.616000 12.897165
1.620000 12.951281
1.624000 12.936103
1.628000 12.899587
1.632000 12.896461
1.636000 12.934081
1.640000 12.932257
1.644000 12.907256
1.648000 12.903359
1.652000 12.909838
1.656000 12.892955
1.660000 12.885139
1.664000 12.867534
1.668000 12.912121
1.672000 12.956115
1.676000 12.942517
1.680000 12.915093
1.684000 12.903648
1.688000 12.912630
1.692000 12.933670
1.696000 12.955019
1.700000 12.942718
1.704000 12.931732
1.708000 12.923248
1.712000 12.940376
1.716000 12.953405
1.720000 12.967258
1.724000 12.975095
1.728000 12.969468
1.732000 12.950480
1.736000 12.947070
1.740000 12.941458
1.744000 12.942432
1.748000 12.948430
1.752000 12.925905
1.756000 12.905938
1.760000 12.914888
1.764000 12.983616
1.768000 12.987743
1.772000 12.970047
1.776000 12.934521
1.780000 12.920735
1.784000 12.927303
1.788000 12.947061
1.792000 12.950318
1.796000 12.945550
1.800000 12.956917
1.804000 12.938295
1.808000 12.926559
1.812000 12.926725
1.816000 12.930571
1.820000 12.895767
1.824000 12.890401
1.828000 12.938561
1.832000 12.992616
1.836000 12.999387
1.840000 12.968673
1.844000 12.940491
1.848000 12.941690
1.852000 12.950145
1.856000 12.953578
1.860000 12.947932
1.864000 12.925057
1.868000 12.923248
1.872000 12.934169
1.876000 12.959410
1.880000 12.951633
1.884000 12.923763
1.888000 12.907965
1.892000 12.923528
1.896000 12.921711
1.900000 12.904242
1.904000 12.888537
1.908000 12.907802
1.912000 12.938470
1.916000 12.898528
1.920000 12.885845
1.924000 12.923745
1.928000 12.949205
1.932000 12.936429
1.936000 12.905060
1.940000 12.908651
1.944000 12.936329
1.948000 12.943737
1.952000 12.951992
1.956000 12.959837
1.960000 12.941942
1.964000 12.917767
1.968000 12.899646
1.972000 12.925405
1.976000 12.956378
1.980000 12.979437
1.984000 12.977949
1.988000 12.958808
1.992000 12.943233
1.996000 12.925473
2.000000 12.927891
2.004000 12.938180
2.008000 12.916766
2.012000 12.900430
2.016000 12.897469
2.020000 12.918142
2.024000 12.943594
2.028000 12.944388
2.032000 12.950018
2.036000 12.950882
2.040000 12.967626
2.044000 12.986864
2.048000 12.960796
2.052000 12.932800
2.056000 12.965907
2.060000 12.994665
2.064000 12.980492
2.068000 12.951485
2.072000 12.931069
2.076000 12.958032
2.080000 12.978672
2.084000 12.981469
2.088000 12.985985
2.092000 12.989539
2.096000 12.990598
2.100000 12.957712
2.104000 12.934564
2.108000 12.927674
2.112000 12.944292
2.116000 12.960067
2.120000 12.971724
2.124000 12.964690
2.128000 12.950252
2.132000 12.954586
2.136000 12.956054
2.140000 12.954581
2.144000 12.974472
2.148000 12.982694
2.152000 12.965409
2.156000 12.946459
2.160000 12.971614
2.164000 12.975696
2.168000 12.954999
2.172000 12.924172
2.176000 12.910686
2.180000 12.935070
2.184000 12.960865
2.188000 12.948078
2.192000 12.920498
2.196000 12.921138
2.200000 12.956575
2.204000 12.955699
2.208000 12.948667
2.212000 12.961536
2.216000 12.963011
2.220000 12.948052
2.224000 12.959784
2.228000 12.981957
2.232000 12.997216
2.236000 12.981920
2.240000 12.969882
2.244000 12.978540
2.248000 12.989359
2.252000 12.993099
2.256000 12.975164
2.260000 12.964927
2.264000 12.977447
2.268000 12.968890
2.272000 12.965876
2.276000 12.971342
2.280000 12.971334
2.284000 12.982168
2.288000 12.987384
2.292000 12.971384
2.296000 12.943591
2.300000 12.933440
2.304000 12.949582
2.308000 12.972451
2.312000 12.972565
2.316000 12.966220
2.320000 12.970549
2.324000 12.969330
2.328000 12.958470
2.332000 12.949630
2.336000 12.959107
2.340000 12.965045
2.344000 12.961993
2.348000 12.966863
2.352000 12.978856
2.356000 12.965417
2.360000 12.957162
2.364000 12.973515
2.368000 12.992244
2.372000 12.983999
2.376000 12.948741
2.380000 12.921257
2.384000 12.922654
2.388000 12.948539
2.392000 12.968504
2.396000 12.971332
2.400000 12.959893
2.404000 12.967252
2.408000 12.954946
2.412000 12.942829
2.416000 12.929411
2.420000 12.941794
2.424000 12.960996
2.428000 12.955981
2.432000 12.917809
2.436000 12.932618
2.440000 12.973305
2.444000 12.990631
2.448000 12.990300
2.452000 13.002389
2.456000 13.025935
2.460000 13.028687
2.464000 13.022942
2.468000 13.009575
2.472000 13.004923
2.476000 12.983765
2.480000 12.984146
2.484000 13.003253
2.488000 13.002154
2.492000 12.988248
2.496000 12.969313
2.500000 12.955507
2.504000 12.963685
2.508000 12.983278
2.512000 12.998794
2.516000 12.986498
2.520000 12.988855
2.524000 12.990522
2.528000 12.983946
2.532000 12.965152
2.536000 12.964679
2.540000 12.971237
2.544000 12.965422
2.548000 12.972811
2.552000 13.004903
2.556000 12.990819
2.560000 12.972247
2.564000 12.971494
2.568000 12.987100
2.572000 13.004293
2.576000 13.005905
2.580000 13.000835
2.584000 12.983344
2.588000 12.982058
2.592000 12.982843
2.596000 12.971229
2.600000 12.980809
2.604000 12.987906
2.608000 12.976976
2.612000 12.964587
2.616000 12.975496
2.620000 12.989932
2.624000 12.982237
2.628000 12.976725
2.632000 12.961964
2.636000 12.969004
2.640000 12.982099
2.644000 12.983750
2.648000 12.983550
2.652000 12.979571
2.656000 12.991696
2.660000 13.008588
2.664000 13.006977
2.668000 12.977657
2.672000 12.967875
2.676000 12.997760
2.680000 13.022232
2.684000 13.018530
2.688000 12.984264
2.692000 12.961706
2.696000 12.964843
2.700000 12.984308
2.704000 12.991008
2.708000 13.004882
2.712000 12.999897
2.716000 12.979959
2.720000 12.967528
2.724000 12.961575
2.728000 12.971381
2.732000 12.976124
2.736000 12.987108
2.740000 12.982880
2.744000 12.986968
2.748000 12.984483
2.752000 12.986647
2.756000 12.989267
2.760000 12.985171
2.764000 12.976238
2.768000 12.977888
2.772000 12.993818
2.776000 13.013615
2.780000 13.021971
2.784000 13.016772
2.788000 13.005580
2.792000 13.015890
2.796000 13.035194
2.800000 13.000891
2.804000 12.983464
2.808000 12.995521
2.812000 13.023081
2.816000 13.025458
2.820000 12.983612
2.824000 12.956395
2.828000 12.971425
2.832000 13.000796
2.836000 13.016739
2.840000 13.001902
2.844000 12.999017
2.848000 13.011352
2.852000 13.017198
2.856000 13.007920
2.860000 12.994977
2.864000 12.995439
2.868000 12.999437
2.872000 12.995300
2.876000 12.994773
2.880000 12.985469
2.884000 13.005522
2.888000 13.035405
2.892000 13.020974
2.896000 12.991725
2.900000 12.980496
2.904000 13.016609
2.908000 13.047165
2.912000 13.022204
2.916000 12.988955
2.920000 12.985294
2.924000 13.010204
2.928000 13.009884
2.932000 12.993996
2.936000 12.976217
2.940000 12.966009
2.944000 12.992320
2.948000 13.001118
2.952000 12.994940
2.956000 12.998841
2.960000 13.011425
2.964000 13.002915
2.968000 12.996143
2.972000 12.990762
2.976000 12.995031
2.980000 13.000967
2.984000 12.992410
2.988000 12.995142
2.992000 13.015953
2.996000 13.015456
3.000000 12.989739
3.004000 12.981473
3.008000 12.994043
3.012000 12.990753
3.016000 12.977347
3.020000 12.983650
3.024000 13.004098
3.028000 13.003009
3.032000 12.992689
3.036000 12.997034
3.040000 12.998260
3.044000 12.992406
3.048000 12.991849
3.052000 13.010488
3.056000 13.026771
3.060000 13.026837
3.064000 12.993523
3.068000 12.976055
3.072000 12.988203
3.076000 13.006361
3.080000 13.009725
3.084000 12.998004
3.088000 12.990012
3.092000 12.996901
3.096000 13.009918
3.100000 13.009824
3.104000 12.990646
3.108000 12.992008
3.112000 12.993370
3.116000 12.994293
3.120000 13.001048
3.124000 13.022826
3.128000 13.024870
3.132000 13.022185
3.136000 13.005368
3.140000 13.016716
3.144000 13.017563
3.148000 13.005850
3.152000 12.985668
3.156000 12.999407
3.160000 13.045925
3.164000 13.062388
3.168000 13.026196
3.172000 12.985831
3.176000 12.994654
3.180000 13.028410
3.184000 13.026451
3.188000 13.011328
3.192000 13.016460
3.196000 13.031767
3.200000 13.039501
3.204000 13.009655
3.208000 12.996678
3.212000 13.005724
3.216000 13.004780
3.220000 13.002321
3.224000 13.013239
3.228000 13.021468
3.232000 13.023931
3.236000 13.013093
3.240000 13.003515
3.244000 13.008612
3.248000 13.021092
3.252000 13.025823
3.256000 13.022705
3.260000 13.021086
3.264000 13.025988
3.268000 13.037188
3.272000 13.026899
3.276000 13.008109
3.280000 12.998134
3.284000 12.995274
3.288000 13.018868
3.292000 13.024539
3.296000 13.013293
3.300000 13.021493
3.304000 13.018918
3.308000 13.011604
3.312000 13.003930
3.316000 13.008748
3.320000 13.019428
3.324000 13.014409
3.328000 12.999663
3.332000 13.010760
3.336000 13.019738
3.340000 13.023510
3.344000 13.012585
3.348000 13.006893
3.352000 13.012933
3.356000 13.017277
3.360000 13.017514
3.364000 13.022470
3.368000 13.024478
3.372000 13.022221
3.376000 13.034597
3.380000 13.032055
3.384000 13.031272
3.388000 13.036619
3.392000 13.052246
3.396000 13.047580
3.400000 13.034129
3.404000 13.019008
3.408000 13.020588
3.412000 13.022999
3.416000 13.020477
3.420000 13.027532
3.424000 13.027896
3.428000 13.014505
3.432000 13.010598
3.436000 13.022568
3.440000 13.013515
3.444000 13.004381
3.448000 13.004015
3.452000 13.018501
3.456000 13.046917
3.460000 13.065636
3.464000 13.035394
3.468000 12.998649
3.472000 12.994588
3.476000 13.029643
3.480000 13.055418
3.484000 13.046983
3.488000 13.034007
3.492000 13.040145
3.496000 13.047425
3.500000 13.032883
3.504000 13.016433
3.508000 13.031377
3.512000 13.057321
3.516000 13.049663
3.520000 13.034435
3.524000 13.024674
3.528000 13.024449
3.532000 13.013658
3.536000 13.007644
3.540000 13.021559
3.544000 13.040754
3.548000 13.035062
3.552000 13.025352
3.556000 13.035776
3.560000 13.039192
3.564000 13.043546
3.568000 13.044021
3.572000 13.043844
3.576000 13.040094
3.580000 13.027675
3.584000 13.029377
3.588000 13.045403
3.592000 13.053462
3.596000 13.041737
3.600000 13.024108
3.604000 13.007938
3.608000 13.018506
3.612000 13.027803
3.616000 13.021241
3.620000 13.033534
3.624000 13.063988
3.628000 13.077123
3.632000 13.059712
3.636000 13.042897
3.640000 13.046137
3.644000 13.056491
3.648000 13.060642
3.652000 13.042386
3.656000 13.035093
3.660000 13.046375
3.664000 13.065214
3.668000 13.061784
3.672000 13.042441
3.676000 13.030540
3.680000 13.045159
3.684000 13.049547
3.688000 13.051252
3.692000 13.056488
3.696000 13.048179
3.700000 13.060257
3.704000 13.060720
3.708000 13.060595
3.712000 13.052572
3.716000 13.054218
3.720000 13.052073
3.724000 13.045119
3.728000 13.043893
3.732000 13.037734
3.736000 13.045132
3.740000 13.043504
3.744000 13.052332
3.748000 13.051542
3.752000 13.064167
3.756000 13.071154
3.760000 13.054297
3.764000 13.048774
3.768000 13.050254
3.772000 13.060113
3.776000 13.054927
3.780000 13.050075
3.784000 13.057482
3.788000 13.058439
3.792000 13.050542
3.796000 13.047346
3.800000 13.044706
3.804000 13.058387
3.808000 13.056414
3.812000 13.040554
3.816000 13.026801
3.820000 13.037630
3.824000 13.076915
3.828000 13.089371
3.832000 13.068718
3.836000 13.047136
3.840000 13.049171
3.844000 13.048208
3.848000 13.042727
3.852000 13.042037
3.856000 13.043062
3.860000 13.044797
3.864000 13.057988
3.868000 13.062080
3.872000 13.057137
3.876000 13.051425
3.880000 13.062961
3.884000 13.063344
3.888000 13.044234
3.892000 13.036850
3.896000 13.036481
3.900000 13.036843
3.904000 13.035947
3.908000 13.033896
3.912000 13.041441
3.916000 13.039479
3.920000 13.048252
3.924000 13.054104
3.928000 13.067386
3.932000 13.059067
3.936000 13.051836
3.940000 13.069544
3.944000 13.092595
3.948000 13.092207
3.952000 13.075783
3.956000 13.064747
3.960000 13.070387
3.964000 13.074696
3.968000 13.060540
3.972000 13.064640
3.976000 13.060378
3.980000 13.056020
3.984000 13.054053
3.988000 13.055364
3.992000 13.064928
3.996000 13.064596
4.000000 13.058872
4.004000 13.057909
4.008000 13.064156
4.012000 13.058540
4.016000 13.051312
4.020000 13.046113
4.024000 13.045148
4.028000 13.030609
4.032000 13.025249
4.036000 13.027687
4.040000 13.039173
4.044000 13.049947
4.048000 13.059171
4.052000 13.046090
4.056000 13.037202
4.060000 13.025382
4.064000 13.038255
4.068000 13.050458
4.072000 13.051759
4.076000 13.048527
4.080000 13.038701
4.084000 13.038470
4.088000 13.041719
4.092000 13.041877
4.096000 13.032369
4.100000 13.023555
4.104000 13.018444
4.108000 13.025100
4.112000 13.021449
4.116000 13.030729
4.120000 13.023336
4.124000 13.024419
4.128000 13.014373
4.132000 13.007963
4.136000 13.005746
4.140000 13.007863
4.144000 13.023593
4.148000 13.028410
4.152000 13.034816
4.156000 13.041107
4.160000 13.039721
4.164000 13.036759
4.168000 13.039854
4.172000 13.052294
4.176000 13.064941
4.180000 13.055047
4.184000 13.038949
4.188000 13.050022
4.192000 13.070857
4.196000 13.063707
4.200000 13.036356
4.204000 13.030285
4.208000 13.039338
4.212000 13.036427
4.216000 13.031193
4.220000 13.046558
4.224000 13.068185
4.228000 13.065308
4.232000 13.055501
4.236000 13.060719
4.240000 13.059510
4.244000 13.061142
4.248000 13.058896
4.252000 13.058810
4.256000 13.057198
4.260000 13.057566
4.264000 13.060308
4.268000 13.050943
4.272000 13.040097
4.276000 13.035853
4.280000 13.045531
4.284000 13.044685
4.288000 13.053906
4.292000 13.057492
4.296000 13.059449
4.300000 13.047107
4.304000 13.033574
4.308000 13.042061
4.312000 13.057518
4.316000 13.046820
4.320000 13.044917
4.324000 13.054786
4.328000 13.054614
4.332000 13.049835
4.336000 13.053157
4.340000 13.039538
4.344000 13.042068
4.348000 13.054044
4.352000 13.055977
4.356000 13.041918
4.360000 13.025300
4.364000 13.029240
4.368000 13.043402
4.372000 13.048354
4.376000 13.044088
4.380000 13.043274
4.384000 13.046688
4.388000 13.049157
4.392000 13.044305
4.396000 13.048256
4.400000 13.059692
4.404000 13.069364
4.408000 13.060465
4.412000 13.057490
4.416000 13.059021
4.420000 13.055340
4.424000 13.053830
4.428000 13.057120
4.432000 13.070692
4.436000 13.078479
4.440000 13.064934
4.444000 13.052649
4.448000 13.061613
4.452000 13.067912
4.456000 13.054225
4.460000 13.046234
4.464000 13.047466
4.468000 13.050381
4.472000 13.051175
4.476000 13.042958
4.480000 13.033346
4.484000 13.037830
4.488000 13.038366
4.492000 13.051690
4.496000 13.059384
4.500000 13.067004
4.504000 13.058140
4.508000 13.052497
4.512000 13.060651
4.516000 13.064533
4.520000 13.056738
4.524000 13.053345
4.528000 13.050977
4.532000 13.053514
4.536000 13.051537
4.540000 13.038432
4.544000 13.046837
4.548000 13.057407
4.552000 13.057295
4.556000 13.050648
4.560000 13.040303
4.564000 13.029761
4.568000 13.023007
4.572000 13.033556
4.576000 13.037796
4.580000 13.042489
4.584000 13.040684
4.588000 13.029743
4.592000 13.038710
4.596000 13.049832
4.600000 13.048665
4.604000 13.034018
4.608000 13.026572
4.612000 13.039451
4.616000 13.046343
4.620000 13.039902
4.624000 13.040181
4.628000 13.038446
4.632000 13.029892
4.636000 13.043698
4.640000 13.062084
4.644000 13.061968
4.648000 13.047724
4.652000 13.031911
4.656000 13.030045
4.660000 13.040091
4.664000 13.050977
4.668000 13.061567
4.672000 13.066293
4.676000 13.063216
4.680000 13.049854
4.684000 13.040475
4.688000 13.046985
4.692000 13.051522
4.696000 13.044576
4.700000 13.039954
4.704000 13.044696
4.708000 13.049591
4.712000 13.043485
4.716000 13.044315
4.720000 13.052266
4.724000 13.049735
4.728000 13.042693
4.732000 13.038731
4.736000 13.038302
4.740000 13.046106
4.744000 13.043345
4.748000 13.052029
4.752000 13.049658
4.756000 13.052171
4.760000 13.052524
4.764000 13.039179
4.768000 13.033073
4.772000 13.032033
4.776000 13.044198
4.780000 13.036082
4.784000 13.034497
4.788000 13.039668
4.792000 13.043939
4.796000 13.052458
4.800000 13.055711
4.804000 13.055298
4.808000 13.053004
4.812000 13.054343
4.816000 13.057381
4.820000 13.063618
4.824000 13.065636
4.828000 13.068359
4.832000 13.066330
4.836000 13.061494
4.840000 13.052465
4.844000 13.061119
4.848000 13.067420
4.852000 13.059621
4.856000 13.041825
4.860000 13.034539
4.864000 13.041009
4.868000 13.045404
4.872000 13.056916
4.876000 13.061522
4.880000 13.065168
4.884000 13.050035
4.888000 13.049666
4.892000 13.054135
4.896000 13.058838
4.900000 13.057789
4.904000 13.061350
4.908000 13.063190
4.912000 13.058728
4.916000 13.054622
4.920000 13.048860
4.924000 13.039112
4.928000 13.041357
4.932000 13.047964
4.936000 13.052995
4.940000 13.048864
4.944000 13.044865
4.948000 13.044301
4.952000 13.051831
4.956000 13.051423
4.960000 13.048943
4.964000 13.051454
4.968000 13.054333
4.972000 13.067055
4.976000 13.067963
4.980000 13.069816
4.984000 13.057609
4.988000 13.051973
4.992000 13.053424
4.996000 13.062680
