0.012000 -39.355013
0.016000 -15.251225
0.020000 -3.757413
0.024000 2.319572
0.028000 5.966764
0.032000 8.272761
0.036000 9.951201
0.040000 10.997242
0.044000 11.624040
0.048000 12.087100
0.052000 12.389369
0.056000 12.738899
0.060000 12.964348
0.064000 13.101230
0.068000 13.228573
0.072000 13.385133
0.076000 13.479486
0.080000 13.583262
0.084000 13.646027
0.088000 13.758141
0.092000 13.867791
0.096000 14.008013
0.100000 14.178147
0.104000 14.215040
0.108000 14.190025
0.112000 14.155976
0.116000 14.118581
0.120000 14.112403
0.124000 14.232978
0.128000 14.348088
0.132000 14.391738
0.136000 14.316098
0.140000 14.191030
0.144000 14.176938
0.148000 14.196636
0.152000 14.215347
0.156000 14.215926
0.160000 14.188896
0.164000 14.262958
0.168000 14.377817
0.172000 14.508548
0.176000 14.532147
0.180000 14.510641
0.184000 14.473793
0.188000 14.491421
0.192000 14.486192
0.196000 14.496420
0.200000 14.524325
0.204000 14.569508
0.208000 14.572968
0.212000 14.522697
0.216000 14.503002
0.220000 14.621235
0.224000 14.694402
0.228000 14.615585
0.232000 14.570343
0.236000 14.556532
0.240000 14.569819
0.244000 14.607905
0.248000 14.594532
0.252000 14.560649
0.256000 14.581839
0.260000 14.630139
0.264000 14.686040
0.268000 14.695578
0.272000 14.690405
0.276000 14.715664
0.280000 14.652170
0.284000 14.681976
0.288000 14.782331
0.292000 14.802438
0.296000 14.694373
0.300000 14.551457
0.304000 14.534341
0.308000 14.545272
0.312000 14.562765
0.316000 14.526960
0.320000 14.571215
0.324000 14.515538
0.328000 14.626585
0.332000 14.693269
0.336000 14.691648
0.340000 14.646565
0.344000 14.587770
0.348000 14.591211
0.352000 14.620902
0.356000 14.669323
0.360000 14.668250
0.364000 14.668220
0.368000 14.683249
0.372000 14.597694
0.376000 14.568999
0.380000 14.685777
0.384000 14.886587
0.388000 14.897979
0.392000 14.795320
0.396000 14.744952
0.400000 14.663012
0.404000 14.613795
0.408000 14.691894
0.412000 14.856405
0.416000 14.841009
0.420000 14.746672
0.424000 14.766175
0.428000 14.837661
0.432000 14.933616
0.436000 14.915720
0.440000 14.799273
0.444000 14.802510
0.448000 14.836153
0.452000 14.814747
0.456000 14.769497
0.460000 14.635603
0.464000 14.605466
0.468000 14.612120
0.472000 14.666872
0.476000 14.737854
0.480000 14.868785
0.484000 14.964091
0.488000 14.944203
0.492000 14.993214
0.496000 15.017136
0.500000 15.017321
0.504000 14.937022
0.508000 14.972126
0.512000 14.990335
0.516000 14.991090
0.520000 15.010154
0.524000 14.985702
0.528000 14.978915
0.532000 14.950461
0.536000 14.892417
0.540000 14.934279
0.544000 14.964504
0.548000 14.974284
0.552000 15.023913
0.556000 15.044085
0.560000 15.046249
0.564000 15.090047
0.568000 15.044956
0.572000 15.010953
0.576000 14.985763
0.580000 14.982066
0.584000 14.976606
0.588000 15.087707
0.592000 15.175683
0.596000 15.180958
0.600000 15.149132
0.604000 15.054792
0.608000 14.925976
0.612000 14.975601
0.616000 15.041442
0.620000 15.127808
0.624000 15.298262
0.628000 15.371585
0.632000 15.327780
0.636000 15.349039
0.640000 15.299791
0.644000 15.298206
0.648000 15.319238
0.652000 15.282248
0.656000 15.252813
0.660000 15.280295
0.664000 15.288527
0.668000 15.364918
0.672000 15.366910
0.676000 15.298182
0.680000 15.266463
0.684000 15.310257
0.688000 15.303276
0.692000 15.249511
0.696000 15.268755
0.700000 15.162628
0.704000 15.197125
0.708000 15.199168
0.712000 15.190301
0.716000 15.302690
0.720000 15.319316
0.724000 15.227763
0.728000 15.266594
0.732000 15.279298
0.736000 15.308550
0.740000 15.426705
0.744000 15.415684
0.748000 15.432028
0.752000 15.479665
0.756000 15.509626
0.760000 15.562117
0.764000 15.552861
0.768000 15.479059
0.772000 15.391335
0.776000 15.392475
0.780000 15.409490
0.784000 15.390178
0.788000 15.358276
0.792000 15.366501
0.796000 15.401022
0.800000 15.532897
0.804000 15.584482
0.808000 15.498057
0.812000 15.482008
0.816000 15.474436
0.820000 15.387713
0.824000 15.344857
0.828000 15.432315
0.832000 15.498891
0.836000 15.533936
0.840000 15.515533
0.844000 15.477492
0.848000 15.450456
0.852000 15.451021
0.856000 15.367613
0.860000 15.391761
0.864000 15.463248
0.868000 15.465926
0.872000 15.429851
0.876000 15.390595
0.880000 15.476699
0.884000 15.556857
0.888000 15.472827
0.892000 15.329145
0.896000 15.296430
0.900000 15.359953
0.904000 15.426573
0.908000 15.423954
0.912000 15.393469
0.916000 15.275779
0.920000 15.374653
0.924000 15.500406
0.928000 15.467208
0.932000 15.382761
0.936000 15.376060
0.940000 15.383164
0.944000 15.427165
0.948000 15.396352
0.952000 15.475164
0.956000 15.503306
0.960000 15.484686
0.964000 15.459008
0.968000 15.467130
0.972000 15.478396
0.976000 15.467683
0.980000 15.573571
0.984000 15.701167
0.988000 15.659257
0.992000 15.547467
0.996000 15.477034
1.000000 15.474019
1.004000 15.519343
1.008000 15.448589
1.012000 15.386796
1.016000 15.462203
1.020000 15.496661
1.024000 15.444365
1.028000 15.467990
1.032000 15.438579
1.036000 15.481429
1.040000 15.542769
1.044000 15.559038
1.048000 15.554319
1.052000 15.574934
1.056000 15.622418
1.060000 15.629556
1.064000 15.600088
1.068000 15.583730
1.072000 15.632594
1.076000 15.617849
1.080000 15.565437
1.084000 15.558787
1.088000 15.689026
1.092000 15.760279
1.096000 15.735513
1.100000 15.663547
1.104000 15.551713
1.108000 15.558415
1.112000 15.578292
1.116000 15.548132
1.120000 15.545494
1.124000 15.517885
1.128000 15.601914
1.132000 15.700413
1.136000 15.696744
1.140000 15.696603
1.144000 15.660813
1.148000 15.661143
1.152000 15.660999
1.156000 15.670999
1.160000 15.659714
1.164000 15.639010
1.168000 15.629514
1.172000 15.654285
1.176000 15.703877
1.180000 15.710321
1.184000 15.777792
1.188000 15.803113
1.192000 15.716056
1.196000 15.679939
1.200000 15.698457
1.204000 15.745783
1.208000 15.699344
1.212000 15.591620
1.216000 15.518614
1.220000 15.523240
1.224000 15.514836
1.228000 15.539431
1.232000 15.551619
1.236000 15.662605
1.240000 15.694993
1.244000 15.708940
1.248000 15.627554
1.252000 15.661096
1.256000 15.694854
1.260000 15.663218
1.264000 15.577278
1.268000 15.520218
1.272000 15.510123
1.276000 15.464181
1.280000 15.518299
1.284000 15.621758
1.288000 15.666050
1.292000 15.673278
1.296000 15.664658
1.300000 15.655981
1.304000 15.695190
1.308000 15.719323
1.312000 15.719306
1.316000 15.710352
1.320000 15.675232
1.324000 15.679946
1.328000 15.735837
1.332000 15.714517
1.336000 15.728325
1.340000 15.677114
1.344000 15.584239
1.348000 15.649754
1.352000 15.705340
1.356000 15.715750
1.360000 15.694390
1.364000 15.711646
1.368000 15.763271
1.372000 15.759693
1.376000 15.743199
1.380000 15.771365
1.384000 15.753984
1.388000 15.724213
1.392000 15.655364
1.396000 15.688002
1.400000 15.739597
1.404000 15.762060
1.408000 15.787559
1.412000 15.770876
1.416000 15.706353
1.420000 15.748733
1.424000 15.822016
1.428000 15.910163
1.432000 15.915391
1.436000 15.950540
1.440000 15.918515
1.444000 15.830037
1.448000 15.866736
1.452000 15.906704
1.456000 15.842188
1.460000 15.755626
1.464000 15.741796
1.468000 15.760054
1.472000 15.804932
1.476000 15.822486
1.480000 15.835391
1.484000 15.817768
1.488000 15.750447
1.492000 15.709089
1.496000 15.762558
1.500000 15.848780
1.504000 15.860766
1.508000 15.821803
1.512000 15.764794
1.516000 15.715447
1.520000 15.714490
1.524000 15.678621
1.528000 15.752667
1.532000 15.825540
1.536000 15.829393
1.540000 15.823963
1.544000 15.796909
1.548000 15.742569
1.552000 15.750601
1.556000 15.755821
1.560000 15.760252
1.564000 15.763792
1.568000 15.791002
1.572000 15.764871
1.576000 15.728195
1.580000 15.723114
1.584000 15.747819
1.588000 15.756660
1.592000 15.796478
1.596000 15.755673
1.600000 15.730215
1.604000 15.717154
1.608000 15.738774
1.612000 15.759360
1.616000 15.811729
1.620000 15.769926
1.624000 15.764284
1.628000 15.758891
1.632000 15.742659
1.636000 15.798033
1.640000 15.818322
1.644000 15.824480
1.648000 15.789543
1.652000 15.715413
1.656000 15.712557
1.660000 15.800067
1.664000 15.872819
1.668000 15.836353
1.672000 15.778962
1.676000 15.714993
1.680000 15.693078
1.684000 15.724236
1.688000 15.763121
1.692000 15.825640
1.696000 15.899621
1.700000 15.914136
1.704000 15.868649
1.708000 15.855463
1.712000 15.856282
1.716000 15.907798
1.720000 15.863463
1.724000 15.822914
1.728000 15.873909
1.732000 15.901463
1.736000 15.901777
1.740000 15.861403
1.744000 15.860667
1.748000 15.823269
1.752000 15.796097
1.756000 15.760918
1.760000 15.735821
1.764000 15.700103
1.768000 15.730003
1.772000 15.837377
1.776000 15.869251
1.780000 15.858506
1.784000 15.915250
1.788000 15.942614
1.792000 15.902814
1.796000 15.910071
1.800000 15.967619
1.804000 16.016931
1.808000 15.992919
1.812000 16.021170
1.816000 15.997200
1.820000 15.964545
1.824000 15.958940
1.828000 15.950814
1.832000 15.897179
1.836000 15.843500
1.840000 15.836325
1.844000 15.876755
1.848000 15.928193
1.852000 15.981814
1.856000 16.034789
1.860000 16.022541
1.864000 15.987380
1.868000 15.989806
1.872000 16.012275
1.876000 15.992654
1.880000 16.003662
1.884000 16.040536
1.888000 16.054630
1.892000 16.024271
1.896000 16.031631
1.900000 15.999467
1.904000 15.985263
1.908000 15.956375
1.912000 15.923064
1.916000 15.882799
1.920000 15.916476
1.924000 15.983932
1.928000 15.983265
1.932000 15.990319
1.936000 16.044704
1.940000 16.037177
1.944000 16.034461
1.948000 16.036571
1.952000 15.992588
1.956000 16.001103
1.960000 16.071715
1.964000 16.029278
1.968000 16.037956
1.972000 16.072278
1.976000 16.072918
1.980000 16.008894
1.984000 15.958891
1.988000 15.901807
1.992000 15.910043
1.996000 15.893534
2.000000 15.865887
2.004000 15.853770
2.008000 15.913628
2.012000 15.991135
2.016000 16.064687
2.020000 16.127184
2.024000 16.129390
2.028000 16.102900
2.032000 16.089746
2.036000 16.113480
2.040000 16.100597
2.044000 16.085173
2.048000 16.054375
2.052000 16.105208
2.056000 16.100490
2.060000 16.106192
2.064000 16.107612
2.068000 16.109048
2.072000 16.117332
2.076000 16.161841
2.080000 16.164134
2.084000 16.135298
2.088000 16.145551
2.092000 16.137617
2.096000 16.160364
2.100000 16.135312
2.104000 16.156907
2.108000 16.200593
2.112000 16.220145
2.116000 16.153804
2.120000 16.068545
2.124000 16.081017
2.128000 16.088414
2.132000 16.060496
2.136000 16.108145
2.140000 16.126419
2.144000 16.145565
2.148000 16.110513
2.152000 16.052038
2.156000 16.060929
2.160000 16.035665
2.164000 16.046427
2.168000 16.108554
2.172000 16.096360
2.176000 16.055933
2.180000 16.142611
2.184000 16.154327
2.188000 16.093160
2.192000 16.074196
2.196000 16.069883
2.200000 16.103300
2.204000 16.143915
2.208000 16.197799
2.212000 16.233640
2.216000 16.192676
2.220000 16.141104
2.224000 16.100969
2.228000 16.041462
2.232000 16.031258
2.236000 16.101966
2.240000 16.136577
2.244000 16.135420
2.248000 16.098007
2.252000 16.095469
2.256000 16.089094
2.260000 16.118192
2.264000 16.216788
2.268000 16.215801
2.272000 16.189607
2.276000 16.180280
2.280000 16.158630
2.284000 16.161563
2.288000 16.225027
2.292000 16.225787
2.296000 16.216032
2.300000 16.201052
2.304000 16.166172
2.308000 16.187363
2.312000 16.281010
2.316000 16.225198
2.320000 16.252518
2.324000 16.274703
2.328000 16.313389
2.332000 16.325548
2.336000 16.308988
2.340000 16.296607
2.344000 16.281120
2.348000 16.285443
2.352000 16.334417
2.356000 16.306321
2.360000 16.277470
2.364000 16.240195
2.368000 16.214187
2.372000 16.263561
2.376000 16.278286
2.380000 16.258794
2.384000 16.210415
2.388000 16.233457
2.392000 16.239249
2.396000 16.212832
2.400000 16.191518
2.404000 16.194554
2.408000 16.173353
2.412000 16.166991
2.416000 16.096675
2.420000 16.083436
2.424000 16.139554
2.428000 16.162337
2.432000 16.142325
2.436000 16.180227
2.440000 16.244852
2.444000 16.259828
2.448000 16.230418
2.452000 16.210804
2.456000 16.152357
2.460000 16.127689
2.464000 16.154526
2.468000 16.162973
2.472000 16.174415
2.476000 16.210543
2.480000 16.200326
2.484000 16.238809
2.488000 16.278144
2.492000 16.270232
2.496000 16.297353
2.500000 16.298820
2.504000 16.306794
2.508000 16.312599
2.512000 16.313564
2.516000 16.273340
2.520000 16.237384
2.524000 16.213979
2.528000 16.237828
2.532000 16.226867
2.536000 16.235677
2.540000 16.247066
2.544000 16.243131
2.548000 16.226189
2.552000 16.178076
2.556000 16.201636
2.560000 16.218085
2.564000 16.247449
2.568000 16.257695
2.572000 16.220993
2.576000 16.242674
2.580000 16.290793
2.584000 16.293589
2.588000 16.265293
2.592000 16.252376
2.596000 16.215614
2.600000 16.192293
2.604000 16.232578
2.608000 16.310661
2.612000 16.304751
2.616000 16.252005
2.620000 16.270015
2.624000 16.216667
2.628000 16.211900
2.632000 16.237979
2.636000 16.222145
2.640000 16.259147
2.644000 16.273103
2.648000 16.314957
2.652000 16.343880
2.656000 16.369659
2.660000 16.389598
2.664000 16.420947
2.668000 16.387170
2.672000 16.344606
2.676000 16.310941
2.680000 16.272430
2.684000 16.239933
2.688000 16.248133
2.692000 16.291806
2.696000 16.289850
2.700000 16.319464
2.704000 16.345171
2.708000 16.375303
2.712000 16.371446
2.716000 16.377148
2.720000 16.364791
2.724000 16.326309
2.728000 16.277996
2.732000 16.313349
2.736000 16.367891
2.740000 16.434085
2.744000 16.435398
2.748000 16.421536
2.752000 16.399269
2.756000 16.400680
2.760000 16.428165
2.764000 16.404154
2.768000 16.376095
2.772000 16.365582
2.776000 16.331951
2.780000 16.344550
2.784000 16.342174
2.788000 16.323352
2.792000 16.293572
2.796000 16.295194
2.800000 16.326051
2.804000 16.375480
2.808000 16.409719
2.812000 16.376110
2.816000 16.329135
2.820000 16.308529
2.824000 16.324147
2.828000 16.327849
2.832000 16.323311
2.836000 16.327703
2.840000 16.314787
2.844000 16.338436
2.848000 16.348733
2.852000 16.409242
2.856000 16.425098
2.860000 16.390318
2.864000 16.390808
2.868000 16.461381
2.872000 16.519454
2.876000 16.468835
2.880000 16.429087
2.884000 16.390908
2.888000 16.429329
2.892000 16.406212
2.896000 16.407337
2.900000 16.398188
2.904000 16.366599
2.908000 16.329361
2.912000 16.343459
2.916000 16.355008
2.920000 16.371274
2.924000 16.433621
2.928000 16.438223
2.932000 16.432832
2.936000 16.413682
2.940000 16.401525
2.944000 16.438891
2.948000 16.445539
2.952000 16.427927
2.956000 16.404589
2.960000 16.407191
2.964000 16.448466
2.968000 16.464551
2.972000 16.416923
2.976000 16.417900
2.980000 16.375082
2.984000 16.381199
2.988000 16.439636
2.992000 16.490380
2.996000 16.471142
3.000000 16.444133
3.004000 16.426452
3.008000 16.420878
3.012000 16.394519
3.016000 16.395215
3.020000 16.441284
3.024000 16.420687
3.028000 16.364792
3.032000 16.346074
3.036000 16.341152
3.040000 16.377430
3.044000 16.373139
3.048000 16.337074
3.052000 16.312860
3.056000 16.322899
3.060000 16.361587
3.064000 16.413873
3.068000 16.392256
3.072000 16.335051
3.076000 16.356234
3.080000 16.438268
3.084000 16.475824
3.088000 16.469832
3.092000 16.434001
3.096000 16.413629
3.100000 16.400912
3.104000 16.416517
3.108000 16.442082
3.112000 16.435947
3.116000 16.383299
3.120000 16.422227
3.124000 16.471104
3.128000 16.489198
3.132000 16.492141
3.136000 16.472973
3.140000 16.462492
3.144000 16.498197
3.148000 16.524998
3.152000 16.552434
3.156000 16.489683
3.160000 16.458864
3.164000 16.481338
3.168000 16.520724
3.172000 16.506215
3.176000 16.456516
3.180000 16.415505
3.184000 16.376882
3.188000 16.375429
3.192000 16.379500
3.196000 16.396447
3.200000 16.419032
3.204000 16.387485
3.208000 16.366870
3.212000 16.416177
3.216000 16.406742
3.220000 16.381547
3.224000 16.389678
3.228000 16.380390
3.232000 16.403587
3.236000 16.428951
3.240000 16.443847
3.244000 16.447144
3.248000 16.426898
3.252000 16.374258
3.256000 16.390831
3.260000 16.420590
3.264000 16.426480
3.268000 16.414555
3.272000 16.415770
3.276000 16.427580
3.280000 16.428465
3.284000 16.397057
3.288000 16.403157
3.292000 16.411921
3.296000 16.390955
3.300000 16.382433
3.304000 16.386519
3.308000 16.392133
3.312000 16.393019
3.316000 16.414128
3.320000 16.457198
3.324000 16.428827
3.328000 16.401613
3.332000 16.415857
3.336000 16.435855
3.340000 16.417485
3.344000 16.437520
3.348000 16.480465
3.352000 16.489481
3.356000 16.450952
3.360000 16.429944
3.364000 16.454280
3.368000 16.452870
3.372000 16.461449
3.376000 16.464143
3.380000 16.467817
3.384000 16.493532
3.388000 16.492075
3.392000 16.475014
3.396000 16.448971
3.400000 16.431439
3.404000 16.432397
3.408000 16.455408
3.412000 16.481300
3.416000 16.487485
3.420000 16.462428
3.424000 16.446935
3.428000 16.495403
3.432000 16.447194
3.436000 16.416173
3.440000 16.478992
3.444000 16.535447
3.448000 16.561772
3.452000 16.554631
3.456000 16.533455
3.460000 16.490309
3.464000 16.470798
3.468000 16.518546
3.472000 16.524498
3.476000 16.516187
3.480000 16.505232
3.484000 16.507012
3.488000 16.502984
3.492000 16.511806
3.496000 16.513567
3.500000 16.516168
3.504000 16.512961
3.508000 16.509665
3.512000 16.520458
3.516000 16.562417
3.520000 16.589617
3.524000 16.586044
3.528000 16.563952
3.532000 16.570504
3.536000 16.597133
3.540000 16.596457
3.544000 16.602861
3.548000 16.627934
3.552000 16.619122
3.556000 16.597107
3.560000 16.579004
3.564000 16.584496
3.568000 16.580302
3.572000 16.582742
3.576000 16.580744
3.580000 16.557600
3.584000 16.537964
3.588000 16.544279
3.592000 16.537219
3.596000 16.584857
3.600000 16.636709
3.604000 16.647921
3.608000 16.651349
3.612000 16.625869
3.616000 16.612031
3.620000 16.601982
3.624000 16.600519
3.628000 16.625143
3.632000 16.661498
3.636000 16.639662
3.640000 16.651156
3.644000 16.664308
3.648000 16.638298
3.652000 16.606294
3.656000 16.578996
3.660000 16.583543
3.664000 16.571041
3.668000 16.592207
3.672000 16.618659
3.676000 16.616829
3.680000 16.614773
3.684000 16.561990
3.688000 16.530919
3.692000 16.530336
3.696000 16.587652
3.700000 16.598092
3.704000 16.558827
3.708000 16.587098
3.712000 16.617296
3.716000 16.581367
3.720000 16.571684
3.724000 16.566944
3.728000 16.602792
3.732000 16.640639
3.736000 16.622959
3.740000 16.652175
3.744000 16.627589
3.748000 16.595017
3.752000 16.584830
3.756000 16.600155
3.760000 16.604321
3.764000 16.594356
3.768000 16.626995
3.772000 16.653813
3.776000 16.682026
3.780000 16.656329
3.784000 16.635915
3.788000 16.642014
3.792000 16.660481
3.796000 16.654428
3.800000 16.615729
3.804000 16.601063
3.808000 16.595513
3.812000 16.621891
3.816000 16.651979
3.820000 16.632711
3.824000 16.627341
3.828000 16.640639
3.832000 16.646464
3.836000 16.654116
3.840000 16.680200
3.844000 16.673407
3.848000 16.634968
3.852000 16.607676
3.856000 16.593914
3.860000 16.600851
3.864000 16.618867
3.868000 16.642946
3.872000 16.629200
3.876000 16.638671
3.880000 16.724631
3.884000 16.732276
3.888000 16.707987
3.892000 16.702723
3.896000 16.697008
3.900000 16.711496
3.904000 16.697852
3.908000 16.724207
3.912000 16.711791
3.916000 16.665036
3.920000 16.652051
3.924000 16.674600
3.928000 16.704903
3.932000 16.710294
3.936000 16.676241
3.940000 16.652012
3.944000 16.646234
3.948000 16.636607
3.952000 16.654013
3.956000 16.665524
3.960000 16.635519
3.964000 16.602104
3.968000 16.583014
3.972000 16.609415
3.976000 16.670831
3.980000 16.705154
3.984000 16.697509
3.988000 16.660871
3.992000 16.642172
3.996000 16.621619
4.000000 16.628504
4.004000 16.617022
4.008000 16.595732
4.012000 16.588132
4.016000 16.612893
4.020000 16.635888
4.024000 16.669297
4.028000 16.658355
4.032000 16.620779
4.036000 16.582680
4.040000 16.560119
4.044000 16.574413
4.048000 16.617462
4.052000 16.649942
4.056000 16.678065
4.060000 16.675860
4.064000 16.656618
4.068000 16.645008
4.072000 16.653047
4.076000 16.655815
4.080000 16.643012
4.084000 16.615434
4.088000 16.565619
4.092000 16.541025
4.096000 16.602599
4.100000 16.647404
4.104000 16.657636
4.108000 16.638862
4.112000 16.610048
4.116000 16.550498
4.120000 16.552668
4.124000 16.570218
4.128000 16.614596
4.132000 16.673241
4.136000 16.660624
4.140000 16.629332
4.144000 16.640677
4.148000 16.635047
4.152000 16.610740
4.156000 16.621547
4.160000 16.624919
4.164000 16.603916
4.168000 16.600507
4.172000 16.580149
4.176000 16.579134
4.180000 16.579858
4.184000 16.587449
4.188000 16.591182
4.192000 16.589361
4.196000 16.615508
4.200000 16.626384
4.204000 16.623535
4.208000 16.634021
4.212000 16.612806
4.216000 16.624542
4.220000 16.642666
4.224000 16.637553
4.228000 16.637719
4.232000 16.644922
4.236000 16.661503
4.240000 16.646332
4.244000 16.612380
4.248000 16.569964
4.252000 16.587782
4.256000 16.596965
4.260000 16.572726
4.264000 16.581681
4.268000 16.591386
4.272000 16.642240
4.276000 16.653223
4.280000 16.656826
4.284000 16.664566
4.288000 16.646715
4.292000 16.641029
4.296000 16.664533
4.300000 16.638209
4.304000 16.623365
4.308000 16.616300
4.312000 16.637589
4.316000 16.635999
4.320000 16.660877
4.324000 16.651628
4.328000 16.633450
4.332000 16.675527
4.336000 16.691908
4.340000 16.683824
4.344000 16.671002
4.348000 16.653535
4.352000 16.657714
4.356000 16.667408
4.360000 16.625687
4.364000 16.612360
4.368000 16.597825
4.372000 16.604427
4.376000 16.638547
4.380000 16.649728
4.384000 16.640681
4.388000 16.606492
4.392000 16.598044
4.396000 16.630347
4.400000 16.671119
4.404000 16.685151
4.408000 16.690576
4.412000 16.683194
4.416000 16.691937
4.420000 16.704371
4.424000 16.704359
4.428000 16.692949
4.432000 16.683020
4.436000 16.689302
4.440000 16.671364
4.444000 16.644123
4.448000 16.622496
4.452000 16.632799
4.456000 16.653663
4.460000 16.671880
4.464000 16.673430
4.468000 16.698716
4.472000 16.713111
4.476000 16.709354
4.480000 16.697777
4.484000 16.652948
4.488000 16.626469
4.492000 16.618684
4.496000 16.645588
4.500000 16.682162
4.504000 16.689294
4.508000 16.657357
4.512000 16.656486
4.516000 16.676678
4.520000 16.673467
4.524000 16.683643
4.528000 16.676993
4.532000 16.682253
4.536000 16.693645
4.540000 16.663628
4.544000 16.628670
4.548000 16.617704
4.552000 16.648787
4.556000 16.672093
4.560000 16.649304
4.564000 16.633405
4.568000 16.638615
4.572000 16.661561
4.576000 16.680839
4.580000 16.673737
4.584000 16.681932
4.588000 16.705868
4.592000 16.693293
4.596000 16.690780
4.600000 16.727584
4.604000 16.759121
4.608000 16.741810
4.612000 16.708337
4.616000 16.678840
4.620000 16.665491
4.624000 16.665485
4.628000 16.624363
4.632000 16.601467
4.636000 16.611217
4.640000 16.629824
4.644000 16.661158
4.648000 16.696174
4.652000 16.700283
4.656000 16.701872
4.660000 16.698935
4.664000 16.696465
4.668000 16.693472
4.672000 16.713659
4.676000 16.703428
4.680000 16.669239
4.684000 16.640806
4.688000 16.649835
4.692000 16.685061
4.696000 16.695823
4.700000 16.693144
4.704000 16.685163
4.708000 16.655108
4.712000 16.628639
4.716000 16.627856
4.720000 16.652349
4.724000 16.676849
4.728000 16.695717
4.732000 16.689519
4.736000 16.675865
4.740000 16.662577
4.744000 16.672444
4.748000 16.661045
4.752000 16.635770
4.756000 16.653766
4.760000 16.655860
4.764000 16.642887
4.768000 16.647436
4.772000 16.668613
4.776000 16.687308
4.780000 16.658418
4.784000 16.621294
4.788000 16.615361
4.792000 16.654872
4.796000 16.684446
4.800000 16.687500
4.804000 16.662511
4.808000 16.649702
4.812000 16.652985
4.816000 16.666863
4.820000 16.654041
4.824000 16.643710
4.828000 16.665187
4.832000 16.673899
4.836000 16.681231
4.840000 16.709079
4.844000 16.694144
4.848000 16.679776
4.852000 16.688555
4.856000 16.716167
4.860000 16.725455
4.864000 16.716939
4.868000 16.716587
4.872000 16.708161
4.876000 16.714981
4.880000 16.731296
4.884000 16.742385
4.888000 16.736547
4.892000 16.697833
4.896000 16.656005
4.900000 16.621138
4.904000 16.616805
4.908000 16.661512
4.912000 16.718705
4.916000 16.726204
4.920000 16.708978
4.924000 16.717185
4.928000 16.732421
4.932000 16.710277
4.936000 16.684022
4.940000 16.688020
4.944000 16.705364
4.948000 16.731058
4.952000 16.722103
4.956000 16.715578
4.960000 16.714632
4.964000 16.716461
4.968000 16.723940
4.972000 16.736945
4.976000 16.727821
4.980000 16.711056
4.984000 16.687654
4.988000 16.686769
4.992000 16.710910
4.996000 16.718095
