0.012000 13.015431
0.016000 14.792890
0.020000 15.008917
0.024000 15.174789
0.028000 14.957634
0.032000 14.996538
0.036000 15.018348
0.040000 15.112829
0.044000 14.982543
0.048000 14.955259
0.052000 14.965083
0.056000 15.008179
0.060000 14.978193
0.064000 14.982580
0.068000 15.022330
0.072000 15.040836
0.076000 15.037435
0.080000 15.000913
0.084000 14.990242
0.088000 15.001369
0.092000 15.031911
0.096000 15.030185
0.100000 15.020035
0.104000 15.031918
0.108000 15.067830
0.112000 15.054140
0.116000 15.038729
0.120000 15.032936
0.124000 15.066044
0.128000 15.055101
0.132000 15.029784
0.136000 15.017027
0.140000 15.028531
0.144000 15.000908
0.148000 14.982118
0.152000 15.007949
0.156000 15.036378
0.160000 15.043656
0.164000 15.015464
0.168000 15.008571
0.172000 15.019943
0.176000 15.030254
0.180000 15.044434
0.184000 15.055040
0.188000 15.084579
0.192000 15.112755
0.196000 15.104002
0.200000 15.090649
0.204000 15.092440
0.208000 15.075273
0.212000 15.060788
0.216000 15.066472
0.220000 15.073491
0.224000 15.079912
0.228000 15.092992
0.232000 15.094857
0.236000 15.073717
0.240000 15.082951
0.244000 15.091580
0.248000 15.098451
0.252000 15.060385
0.256000 14.997442
0.260000 15.007690
0.264000 15.041112
0.268000 15.023978
0.272000 14.988391
0.276000 15.002354
0.280000 15.025321
0.284000 15.041853
0.288000 15.044759
0.292000 15.028181
0.296000 15.034011
0.300000 15.055552
0.304000 15.052566
0.308000 15.057486
0.312000 15.071540
0.316000 15.063639
0.320000 15.069001
0.324000 15.049600
0.328000 15.068401
0.332000 15.092033
0.336000 15.088368
0.340000 15.066435
0.344000 15.028467
0.348000 15.042060
0.352000 15.059426
0.356000 15.046536
0.360000 15.038172
0.364000 15.046684
0.368000 15.058547
0.372000 15.029447
0.376000 15.020019
0.380000 15.035939
0.384000 15.050090
0.388000 15.014428
0.392000 14.995436
0.396000 14.989154
0.400000 15.037296
0.404000 15.039804
0.408000 15.040935
0.412000 15.040419
0.416000 15.067645
0.420000 15.075317
0.424000 15.063155
0.428000 15.052091
0.432000 15.039018
0.436000 15.058820
0.440000 15.075663
0.444000 15.071746
0.448000 15.048437
0.452000 15.055497
0.456000 15.088958
0.460000 15.064956
0.464000 15.024713
0.468000 15.044076
0.472000 15.038039
0.476000 15.054980
0.480000 15.054800
0.484000 15.034743
0.488000 15.045736
0.492000 15.053682
0.496000 15.039179
0.500000 15.046664
0.504000 15.072896
0.508000 15.090248
0.512000 15.096973
0.516000 15.064151
0.520000 15.054396
0.524000 15.059318
0.528000 15.076760
0.532000 15.077906
0.536000 15.052361
0.540000 15.041267
0.544000 15.053142
0.548000 15.069005
0.552000 15.051773
0.556000 15.068343
0.560000 15.107701
0.564000 15.078119
0.568000 15.044045
0.572000 15.022661
0.576000 15.052551
0.580000 15.062854
0.584000 15.078651
0.588000 15.051143
0.592000 15.081323
0.596000 15.109045
0.600000 15.104813
0.604000 15.082937
0.608000 15.067908
0.612000 15.072602
0.616000 15.041634
0.620000 15.000730
0.624000 15.008724
0.628000 15.027112
0.632000 15.027173
0.636000 15.033165
0.640000 15.036346
0.644000 15.018576
0.648000 15.003623
0.652000 15.001970
0.656000 15.002347
0.660000 15.017423
0.664000 15.054057
0.668000 15.072310
0.672000 15.055692
0.676000 15.056605
0.680000 15.047197
0.684000 15.021655
0.688000 15.013523
0.692000 15.025941
0.696000 15.057466
0.700000 15.079716
0.704000 15.072157
0.708000 15.056194
0.712000 15.060338
0.716000 15.086422
0.720000 15.050350
0.724000 14.975500
0.728000 14.982287
0.732000 15.047399
0.736000 15.050591
0.740000 15.014433
0.744000 14.997074
0.748000 15.056704
0.752000 15.121198
0.756000 15.131638
0.760000 15.074840
0.764000 15.027874
0.768000 15.053612
0.772000 15.070411
0.776000 15.058276
0.780000 15.032483
0.784000 15.052702
0.788000 15.055076
0.792000 15.036974
0.796000 15.065963
0.800000 15.096192
0.804000 15.094750
0.808000 15.078049
0.812000 15.082887
0.816000 15.057066
0.820000 15.037735
0.824000 15.075597
0.828000 15.082673
0.832000 15.079378
0.836000 15.082820
0.840000 15.072017
0.844000 15.058019
0.848000 15.028276
0.852000 15.038607
0.856000 15.096129
0.860000 15.095020
0.864000 15.091714
0.868000 15.124729
0.872000 15.132691
0.876000 15.117337
0.880000 15.096354
0.884000 15.095790
0.888000 15.110032
0.892000 15.090741
0.896000 15.064579
0.900000 15.067630
0.904000 15.082155
0.908000 15.042859
0.912000 14.995938
0.916000 14.973602
0.920000 14.983744
0.924000 15.069656
0.928000 15.110166
0.932000 15.130724
0.936000 15.107810
0.940000 15.121008
0.944000 15.125998
0.948000 15.094544
0.952000 15.073880
0.956000 15.064492
0.960000 15.055413
0.964000 15.053646
0.968000 15.060011
0.972000 15.066662
0.976000 15.057905
0.980000 15.060842
0.984000 15.066414
0.988000 15.070448
0.992000 15.057385
0.996000 15.053834
1.000000 15.070416
1.004000 15.066124
1.008000 15.063283
1.012000 15.067547
1.016000 15.083790
1.020000 15.094451
1.024000 15.080246
1.028000 15.102303
1.032000 15.121369
1.036000 15.121223
1.040000 15.112242
1.044000 15.100966
1.048000 15.104580
1.052000 15.102077
1.056000 15.080900
1.060000 15.074424
1.064000 15.050933
1.068000 15.048000
1.072000 15.076672
1.076000 15.087894
1.080000 15.059579
1.084000 15.052613
1.088000 15.055149
1.092000 15.021803
1.096000 14.967120
1.100000 14.970087
1.104000 15.013314
1.108000 15.042543
1.112000 15.014890
1.116000 14.978294
1.120000 14.972744
1.124000 15.008337
1.128000 15.020282
1.132000 15.038101
1.136000 15.038797
1.140000 15.032040
1.144000 15.016138
1.148000 15.021175
1.152000 15.026426
1.156000 15.006911
1.160000 15.012357
1.164000 15.046776
1.168000 15.094747
1.172000 15.099165
1.176000 15.091050
1.180000 15.106502
1.184000 15.129325
1.188000 15.112645
1.192000 15.048697
1.196000 15.032917
1.200000 15.048134
1.204000 15.067076
1.208000 15.028292
1.212000 14.998191
1.216000 14.991074
1.220000 14.980661
1.224000 14.982606
1.228000 14.994910
1.232000 15.006778
1.236000 15.010891
1.240000 15.025019
1.244000 15.031697
1.248000 15.027778
1.252000 15.027686
1.256000 15.045136
1.260000 15.070059
1.264000 15.065109
1.268000 15.068908
1.272000 15.058025
1.276000 15.052134
1.280000 15.061220
1.284000 15.052995
1.288000 15.044564
1.292000 15.054857
1.296000 15.073580
1.300000 15.091257
1.304000 15.061281
1.308000 15.023980
1.312000 15.035976
1.316000 15.059703
1.320000 15.038310
1.324000 15.011184
1.328000 15.039130
1.332000 15.072007
1.336000 15.093237
1.340000 15.080809
1.344000 15.035906
1.348000 15.032923
1.352000 15.071029
1.356000 15.062746
1.360000 15.032176
1.364000 15.015917
1.368000 15.034452
1.372000 15.063359
1.376000 15.079154
1.380000 15.061473
1.384000 15.042741
1.388000 15.062988
1.392000 15.057274
1.396000 15.062275
1.400000 15.044958
1.404000 15.055208
1.408000 15.063152
1.412000 15.069508
1.416000 15.083622
1.420000 15.090949
1.424000 15.094910
1.428000 15.086574
1.432000 15.070308
1.436000 15.094788
1.440000 15.144490
1.444000 15.124536
1.448000 15.090775
1.452000 15.069384
1.456000 15.088137
1.460000 15.076557
1.464000 15.030868
1.468000 15.049996
1.472000 15.102527
1.476000 15.135446
1.480000 15.096915
1.484000 15.077979
1.488000 15.133368
1.492000 15.149476
1.496000 15.126359
1.500000 15.091157
1.504000 15.074719
1.508000 15.125073
1.512000 15.108770
1.516000 15.067917
1.520000 15.046663
1.524000 15.064785
1.528000 15.080576
1.532000 15.075873
1.536000 15.042835
1.540000 15.032086
1.544000 15.056858
1.548000 15.071081
1.552000 15.048547
1.556000 15.020935
1.560000 15.052804
1.564000 15.076061
1.568000 15.046497
1.572000 14.992159
1.576000 15.002079
1.580000 15.047119
1.584000 15.012569
1.588000 14.985926
1.592000 15.005477
1.596000 15.061550
1.600000 15.082000
1.604000 15.082340
1.608000 15.099638
1.612000 15.095761
1.616000 15.088123
1.620000 15.068996
1.624000 15.051249
1.628000 15.005134
1.632000 15.021270
1.636000 15.054487
1.640000 15.069581
1.644000 15.045572
1.648000 15.048906
1.652000 15.063844
1.656000 15.070039
1.660000 15.051092
1.664000 15.032885
1.668000 15.051862
1.672000 15.106848
1.676000 15.153620
1.680000 15.114724
1.684000 15.082215
1.688000 15.097346
1.692000 15.136546
1.696000 15.094874
1.700000 15.070303
1.704000 15.074212
1.708000 15.098957
1.712000 15.094756
1.716000 15.062429
1.720000 15.050935
1.724000 15.099733
1.728000 15.099542
1.732000 15.069744
1.736000 15.047945
1.740000 15.049514
1.744000 15.058367
1.748000 15.045741
1.752000 15.024168
1.756000 15.023614
1.760000 15.008467
1.764000 15.005052
1.768000 15.017737
1.772000 15.045409
1.776000 15.003548
1.780000 14.964050
1.784000 14.984950
1.788000 15.028972
1.792000 15.029305
1.796000 15.033240
1.800000 15.056196
1.804000 15.060418
1.808000 15.060542
1.812000 15.047385
1.816000 15.045055
1.820000 15.049869
1.824000 15.062443
1.828000 15.046425
1.832000 15.022387
1.836000 15.034401
1.840000 15.047620
1.844000 15.076717
1.848000 15.088461
1.852000 15.075844
1.856000 15.070623
1.860000 15.055809
1.864000 15.040533
1.868000 15.040722
1.872000 15.054527
1.876000 15.059274
1.880000 15.048825
1.884000 15.080498
1.888000 15.115718
1.892000 15.111031
1.896000 15.062051
1.900000 15.052979
1.904000 15.089514
1.908000 15.090369
1.912000 15.058930
1.916000 15.034526
1.920000 15.058117
1.924000 15.082144
1.928000 15.052996
1.932000 15.056073
1.936000 15.107629
1.940000 15.119869
1.944000 15.100040
1.948000 15.095777
1.952000 15.123504
1.956000 15.131209
1.960000 15.142455
1.964000 15.121748
1.968000 15.145112
1.972000 15.136325
1.976000 15.098615
1.980000 15.073713
1.984000 15.056193
1.988000 15.052015
1.992000 15.080428
1.996000 15.074654
2.000000 15.051415
2.004000 15.070324
2.008000 15.082145
2.012000 15.084087
2.016000 15.081711
2.020000 15.102514
2.024000 15.128318
2.028000 15.114048
2.032000 15.066071
2.036000 15.068429
2.040000 15.100964
2.044000 15.101920
2.048000 15.063103
2.052000 15.079370
2.056000 15.103878
2.060000 15.105116
2.064000 15.078234
2.068000 15.095252
2.072000 15.088749
2.076000 15.090996
2.080000 15.085569
2.084000 15.056856
2.088000 15.048962
2.092000 15.049182
2.096000 15.077741
2.100000 15.045999
2.104000 15.025409
2.108000 15.049494
2.112000 15.067150
2.116000 15.037721
2.120000 15.034380
2.124000 15.034761
2.128000 15.017902
2.132000 15.029916
2.136000 15.012192
2.140000 14.982505
2.144000 15.011403
2.148000 15.078956
2.152000 15.110823
2.156000 15.083966
2.160000 15.026220
2.164000 15.028009
2.168000 15.067671
2.172000 15.061890
2.176000 15.026481
2.180000 15.056280
2.184000 15.121927
2.188000 15.087469
2.192000 14.977362
2.196000 14.949790
2.200000 15.012880
2.204000 15.068117
2.208000 15.036394
2.212000 15.001785
2.216000 14.995788
2.220000 15.023502
2.224000 15.046605
2.228000 15.036809
2.232000 15.017803
2.236000 15.028744
2.240000 15.060853
2.244000 15.066808
2.248000 15.058404
2.252000 15.053424
2.256000 15.068995
2.260000 15.067763
2.264000 15.049673
2.268000 15.052407
2.272000 15.082006
2.276000 15.086528
2.280000 15.068639
2.284000 15.038463
2.288000 15.078317
2.292000 15.098899
2.296000 15.071556
2.300000 15.041127
2.304000 15.027158
2.308000 15.088268
2.312000 15.121207
2.316000 15.078761
2.320000 15.036053
2.324000 15.060530
2.328000 15.073859
2.332000 15.019020
2.336000 14.975903
2.340000 15.009491
2.344000 15.068319
2.348000 15.045056
2.352000 15.003996
2.356000 15.012644
2.360000 15.050735
2.364000 15.060547
2.368000 15.055893
2.372000 15.062065
2.376000 15.083157
2.380000 15.078745
2.384000 15.072017
2.388000 15.075038
2.392000 15.084117
2.396000 15.074912
2.400000 15.066532
2.404000 15.068323
2.408000 15.065694
2.412000 15.059492
2.416000 15.047720
2.420000 15.052707
2.424000 15.059082
2.428000 15.058301
2.432000 15.041386
2.436000 15.025936
2.440000 15.071102
2.444000 15.127016
2.448000 15.111678
2.452000 15.088824
2.456000 15.092961
2.460000 15.145706
2.464000 15.128477
2.468000 15.108489
2.472000 15.098542
2.476000 15.096714
2.480000 15.128826
2.484000 15.114199
2.488000 15.046581
2.492000 15.000334
2.496000 15.020512
2.500000 15.039788
2.504000 15.075688
2.508000 15.088712
2.512000 15.044726
2.516000 15.051866
2.520000 15.058757
2.524000 15.080494
2.528000 15.066774
2.532000 15.051723
2.536000 15.055707
2.540000 15.060869
2.544000 15.077480
2.548000 15.050063
2.552000 15.035419
2.556000 15.040753
2.560000 15.041428
2.564000 15.064282
2.568000 15.075217
2.572000 15.075990
2.576000 15.086526
2.580000 15.075026
2.584000 15.076713
2.588000 15.079078
2.592000 15.094147
2.596000 15.103410
2.600000 15.102145
2.604000 15.095251
2.608000 15.065026
2.612000 15.056877
2.616000 15.072145
2.620000 15.083789
2.624000 15.070429
2.628000 15.050258
2.632000 15.037769
2.636000 15.091028
2.640000 15.089920
2.644000 15.107944
2.648000 15.071351
2.652000 15.050292
2.656000 15.054823
2.660000 15.066592
2.664000 15.056260
2.668000 15.045495
2.672000 15.047990
2.676000 15.034560
2.680000 15.034095
2.684000 15.025808
2.688000 15.050431
2.692000 15.077141
2.696000 15.066281
2.700000 15.090013
2.704000 15.122163
2.708000 15.127163
2.712000 15.087006
2.716000 15.069273
2.720000 15.088425
2.724000 15.081299
2.728000 15.064968
2.732000 15.061098
2.736000 15.056269
2.740000 15.087704
2.744000 15.087228
2.748000 15.042248
2.752000 15.051415
2.756000 15.062943
2.760000 15.089438
2.764000 15.122131
2.768000 15.079723
2.772000 15.042069
2.776000 15.050025
2.780000 15.060677
2.784000 15.061835
2.788000 15.046510
2.792000 15.011255
2.796000 14.992378
2.800000 14.995326
2.804000 15.004373
2.808000 15.031774
2.812000 15.063057
2.816000 15.087133
2.820000 15.071546
2.824000 15.047778
2.828000 15.036305
2.832000 15.042952
2.836000 15.044197
2.840000 15.044918
2.844000 15.059758
2.848000 15.087163
2.852000 15.118173
2.856000 15.121390
2.860000 15.090181
2.864000 15.058732
2.868000 15.013628
2.872000 15.033824
2.876000 15.064971
2.880000 15.099031
2.884000 15.061905
2.888000 15.042765
2.892000 15.098599
2.896000 15.144894
2.900000 15.099196
2.904000 15.068716
2.908000 15.069975
2.912000 15.090634
2.916000 15.089769
2.920000 15.048330
2.924000 15.009624
2.928000 15.017105
2.932000 15.082028
2.936000 15.103556
2.940000 15.094834
2.944000 15.061231
2.948000 15.082343
2.952000 15.087596
2.956000 15.059363
2.960000 15.015709
2.964000 15.014528
2.968000 15.053418
2.972000 15.072857
2.976000 15.044090
2.980000 15.033173
2.984000 15.054782
2.988000 15.055549
2.992000 15.068082
2.996000 15.091184
3.000000 15.112661
3.004000 15.089814
3.008000 15.053827
3.012000 15.045372
3.016000 15.092911
3.020000 15.122898
3.024000 15.097939
3.028000 15.092347
3.032000 15.131284
3.036000 15.103756
3.040000 15.078975
3.044000 15.074016
3.048000 15.097575
3.052000 15.077977
3.056000 15.012240
3.060000 14.976802
3.064000 15.021953
3.068000 15.080685
3.072000 15.068907
3.076000 15.040864
3.080000 15.050672
3.084000 15.086272
3.088000 15.098693
3.092000 15.039279
3.096000 15.013231
3.100000 15.055843
3.104000 15.092725
3.108000 15.096298
3.112000 15.074013
3.116000 15.070816
3.120000 15.042880
3.124000 15.044858
3.128000 15.024751
3.132000 15.038992
3.136000 15.072013
3.140000 15.064305
3.144000 15.028831
3.148000 15.045118
3.152000 15.066650
3.156000 15.078085
3.160000 15.086758
3.164000 15.074506
3.168000 15.103150
3.172000 15.106948
3.176000 15.079413
3.180000 15.042407
3.184000 15.038005
3.188000 15.068832
3.192000 15.109261
3.196000 15.104090
3.200000 15.072561
3.204000 15.080013
3.208000 15.112297
3.212000 15.084208
3.216000 15.059583
3.220000 15.053238
3.224000 15.077295
3.228000 15.109808
3.232000 15.104092
3.236000 15.086601
3.240000 15.085454
3.244000 15.130303
3.248000 15.134469
3.252000 15.076524
3.256000 15.036747
3.260000 15.049575
3.264000 15.069951
3.268000 15.057423
3.272000 15.026141
3.276000 15.004818
3.280000 15.044449
3.284000 15.100766
3.288000 15.106439
3.292000 15.062608
3.296000 15.027294
3.300000 15.036436
3.304000 15.063108
3.308000 15.046779
3.312000 15.032208
3.316000 15.006443
3.320000 15.000961
3.324000 15.041885
3.328000 15.096105
3.332000 15.118126
3.336000 15.105039
3.340000 15.057270
3.344000 15.032355
3.348000 15.067122
3.352000 15.107757
3.356000 15.091018
3.360000 15.047667
3.364000 15.042758
3.368000 15.065196
3.372000 15.101790
3.376000 15.100354
3.380000 15.047642
3.384000 15.044104
3.388000 15.084535
3.392000 15.110679
3.396000 15.131148
3.400000 15.118665
3.404000 15.109554
3.408000 15.128387
3.412000 15.128138
3.416000 15.090476
3.420000 15.067505
3.424000 15.081811
3.428000 15.086662
3.432000 15.072651
3.436000 15.056431
3.440000 15.090689
3.444000 15.087462
3.448000 15.071762
3.452000 15.055666
3.456000 15.057331
3.460000 15.064306
3.464000 15.086895
3.468000 15.078948
3.472000 15.053051
3.476000 15.042949
3.480000 15.053592
3.484000 15.025976
3.488000 15.027476
3.492000 15.039508
3.496000 15.055759
3.500000 15.052244
3.504000 15.064000
3.508000 15.072687
3.512000 15.071944
3.516000 15.068319
3.520000 15.058096
3.524000 15.065742
3.528000 15.085505
3.532000 15.120875
3.536000 15.095569
3.540000 15.073417
3.544000 15.069800
3.548000 15.108926
3.552000 15.123396
3.556000 15.091223
3.560000 15.058426
3.564000 15.080143
3.568000 15.104479
3.572000 15.079744
3.576000 15.056133
3.580000 15.076741
3.584000 15.110656
3.588000 15.079922
3.592000 15.013021
3.596000 15.019274
3.600000 15.058432
3.604000 15.087642
3.608000 15.090018
3.612000 15.083668
3.616000 15.093084
3.620000 15.106719
3.624000 15.111903
3.628000 15.061412
3.632000 15.063154
3.636000 15.082465
3.640000 15.096984
3.644000 15.061748
3.648000 15.039159
3.652000 15.076086
3.656000 15.128212
3.660000 15.137033
3.664000 15.099622
3.668000 15.070972
3.672000 15.060142
3.676000 15.091160
3.680000 15.100397
3.684000 15.085104
3.688000 15.070473
3.692000 15.071689
3.696000 15.084288
3.700000 15.080258
3.704000 15.074173
3.708000 15.051330
3.712000 15.068686
3.716000 15.099996
3.720000 15.057607
3.724000 15.011073
3.728000 15.034858
3.732000 15.069371
3.736000 15.079233
3.740000 15.072663
3.744000 15.027183
3.748000 15.015858
3.752000 15.037221
3.756000 15.087262
3.760000 15.128233
3.764000 15.105903
3.768000 15.098327
3.772000 15.075042
3.776000 15.046081
3.780000 15.025925
3.784000 15.002126
3.788000 15.022483
3.792000 15.040215
3.796000 15.031292
3.800000 15.023213
3.804000 15.094546
3.808000 15.102795
3.812000 15.054641
3.816000 15.003732
3.820000 15.007180
3.824000 15.014098
3.828000 15.029157
3.832000 15.044401
3.836000 15.041590
3.840000 15.046157
3.844000 15.041434
3.848000 15.027589
3.852000 15.046279
3.856000 15.084737
3.860000 15.078297
3.864000 15.082186
3.868000 15.077021
3.872000 15.080765
3.876000 15.088080
3.880000 15.074516
3.884000 15.067319
3.888000 15.056873
3.892000 15.072629
3.896000 15.054281
3.900000 15.063272
3.904000 15.063948
3.908000 15.038328
3.912000 15.016122
3.916000 15.026340
3.920000 15.082533
3.924000 15.094577
3.928000 15.110090
3.932000 15.100625
3.936000 15.100142
3.940000 15.095688
3.944000 15.088279
3.948000 15.104795
3.952000 15.112667
3.956000 15.101967
3.960000 15.108709
3.964000 15.066923
3.968000 15.053459
3.972000 15.046149
3.976000 15.083308
3.980000 15.116140
3.984000 15.094736
3.988000 15.054249
3.992000 15.020319
3.996000 15.022786
4.000000 15.023376
4.004000 15.024386
4.008000 15.045145
4.012000 15.063886
4.016000 15.095255
4.020000 15.105178
4.024000 15.101224
4.028000 15.090994
4.032000 15.095464
4.036000 15.080382
4.040000 15.087029
4.044000 15.099555
4.048000 15.065728
4.052000 15.041218
4.056000 15.029841
4.060000 15.048992
4.064000 15.059434
4.068000 15.063628
4.072000 15.053450
4.076000 15.066175
4.080000 15.072925
4.084000 15.081290
4.088000 15.069914
4.092000 15.071120
4.096000 15.112531
4.100000 15.105630
4.104000 15.094133
4.108000 15.069168
4.112000 15.062615
4.116000 15.071320
4.120000 15.048068
4.124000 15.038455
4.128000 15.069417
4.132000 15.097764
4.136000 15.107408
4.140000 15.108824
4.144000 15.134550
4.148000 15.114034
4.152000 15.083705
4.156000 15.088064
4.160000 15.089781
4.164000 15.120882
4.168000 15.130772
4.172000 15.123429
4.176000 15.113678
4.180000 15.122199
4.184000 15.157595
4.188000 15.153504
4.192000 15.120490
4.196000 15.100959
4.200000 15.122169
4.204000 15.143890
4.208000 15.116090
4.212000 15.092105
4.216000 15.081724
4.220000 15.111659
4.224000 15.127453
4.228000 15.109030
4.232000 15.085902
4.236000 15.113327
4.240000 15.131051
4.244000 15.113862
4.248000 15.076640
4.252000 15.081647
4.256000 15.109947
4.260000 15.149330
4.264000 15.137137
4.268000 15.110030
4.272000 15.076431
4.276000 15.062740
4.280000 15.056411
4.284000 15.075533
4.288000 15.046756
4.292000 15.076735
4.296000 15.119257
4.300000 15.143207
4.304000 15.098330
4.308000 15.057503
4.312000 15.069468
4.316000 15.116535
4.320000 15.139015
4.324000 15.097568
4.328000 15.066373
4.332000 15.071483
4.336000 15.110853
4.340000 15.096961
4.344000 15.039845
4.348000 15.027813
4.352000 15.086870
4.356000 15.129278
4.360000 15.098258
4.364000 15.068254
4.368000 15.092917
4.372000 15.113291
4.376000 15.112912
4.380000 15.074101
4.384000 15.072941
4.388000 15.108546
4.392000 15.118928
4.396000 15.115972
4.400000 15.099436
4.404000 15.097875
4.408000 15.118810
4.412000 15.143548
4.416000 15.158365
4.420000 15.155655
4.424000 15.123063
4.428000 15.077472
4.432000 15.061920
4.436000 15.097575
4.440000 15.098730
4.444000 15.081416
4.448000 15.075288
4.452000 15.123515
4.456000 15.153788
4.460000 15.129508
4.464000 15.101395
4.468000 15.106262
4.472000 15.109472
4.476000 15.151823
4.480000 15.125518
4.484000 15.116614
4.488000 15.106452
4.492000 15.090182
4.496000 15.119371
4.500000 15.107593
4.504000 15.077202
4.508000 15.091879
4.512000 15.135617
4.516000 15.149601
4.520000 15.126876
4.524000 15.096098
4.528000 15.104942
4.532000 15.108196
4.536000 15.100062
4.540000 15.112942
4.544000 15.120049
4.548000 15.128583
4.552000 15.149903
4.556000 15.167235
4.560000 15.163030
4.564000 15.137108
4.568000 15.112733
4.572000 15.140051
4.576000 15.158981
4.580000 15.135834
4.584000 15.122728
4.588000 15.119427
4.592000 15.135867
4.596000 15.145280
4.600000 15.155964
4.604000 15.168425
4.608000 15.145755
4.612000 15.150097
4.616000 15.172253
4.620000 15.173138
4.624000 15.149434
4.628000 15.111787
4.632000 15.176731
4.636000 15.237849
4.640000 15.176871
4.644000 15.097494
4.648000 15.056987
4.652000 15.089474
4.656000 15.110961
4.660000 15.066532
4.664000 15.044814
4.668000 15.077524
4.672000 15.112272
4.676000 15.070924
4.680000 14.986160
4.684000 15.001290
4.688000 15.063688
4.692000 15.089278
4.696000 15.066520
4.700000 15.057479
4.704000 15.065395
4.708000 15.060470
4.712000 15.064668
4.716000 15.059774
4.720000 15.073509
4.724000 15.094401
4.728000 15.067636
4.732000 15.083964
4.736000 15.119008
4.740000 15.130986
4.744000 15.121616
4.748000 15.124627
4.752000 15.120151
4.756000 15.090354
4.760000 15.068435
4.764000 15.135231
4.768000 15.146553
4.772000 15.138778
4.776000 15.103227
4.780000 15.067079
4.784000 15.052450
4.788000 15.070266
4.792000 15.084502
4.796000 15.087896
4.800000 15.081187
4.804000 15.062531
4.808000 15.050686
4.812000 15.044570
4.816000 15.044666
4.820000 15.072469
4.824000 15.092569
4.828000 15.088698
4.832000 15.083161
4.836000 15.109069
4.840000 15.103624
4.844000 15.058654
4.848000 15.027981
4.852000 15.003016
4.856000 15.059296
4.860000 15.085107
4.864000 15.084268
4.868000 15.069932
4.872000 15.076626
4.876000 15.102243
4.880000 15.108534
4.884000 15.089444
4.888000 15.091852
4.892000 15.115675
4.896000 15.135465
4.900000 15.097151
4.904000 15.103765
4.908000 15.138249
4.912000 15.122448
4.916000 15.113682
4.920000 15.081710
4.924000 15.065862
4.928000 15.044308
4.932000 15.068594
4.936000 15.129297
4.940000 15.164756
4.944000 15.150552
4.948000 15.118532
4.952000 15.085785
4.956000 15.092305
4.960000 15.083329
4.964000 15.058073
4.968000 15.065914
4.972000 15.062968
4.976000 15.052725
4.980000 15.055764
4.984000 15.092835
4.988000 15.125059
4.992000 15.127854
4.996000 15.133218
