0.012000 -9.344731
0.016000 7.280422
0.020000 12.507819
0.024000 14.616690
0.028000 15.250966
0.032000 15.558477
0.036000 15.674941
0.040000 15.750824
0.044000 15.817219
0.048000 15.873048
0.052000 15.868535
0.056000 15.904454
0.060000 15.953357
0.064000 15.983697
0.068000 16.003103
0.072000 15.991720
0.076000 16.011328
0.080000 16.064568
0.084000 16.057116
0.088000 16.049661
0.092000 16.010792
0.096000 16.014601
0.100000 16.085772
0.104000 16.162573
0.108000 16.151510
0.112000 16.033531
0.116000 15.950647
0.120000 15.987608
0.124000 16.055447
0.128000 16.099092
0.132000 16.136591
0.136000 16.186444
0.140000 16.146215
0.144000 16.056978
0.148000 16.096358
0.152000 16.148356
0.156000 16.159797
0.160000 16.103912
0.164000 16.058287
0.168000 16.114118
0.172000 16.094011
0.176000 16.067321
0.180000 16.102742
0.184000 16.122001
0.188000 16.160284
0.192000 16.166642
0.196000 16.090030
0.200000 16.069565
0.204000 16.113813
0.208000 16.138030
0.212000 16.181091
0.216000 16.170235
0.220000 16.095809
0.224000 16.085744
0.228000 16.153248
0.232000 16.155204
0.236000 16.112900
0.240000 16.176499
0.244000 16.269118
0.248000 16.188279
0.252000 16.171625
0.256000 16.162909
0.260000 16.198422
0.264000 16.234192
0.268000 16.221465
0.272000 16.188438
0.276000 16.170023
0.280000 16.201613
0.284000 16.226921
0.288000 16.209285
0.292000 16.198592
0.296000 16.218264
0.300000 16.205213
0.304000 16.228830
0.308000 16.197658
0.312000 16.196292
0.316000 16.168410
0.320000 16.259713
0.324000 16.367534
0.328000 16.341995
0.332000 16.267631
0.336000 16.194763
0.340000 16.193032
0.344000 16.251856
0.348000 16.205949
0.352000 16.154187
0.356000 16.133530
0.360000 16.137436
0.364000 16.192010
0.368000 16.214996
0.372000 16.224317
0.376000 16.239589
0.380000 16.227556
0.384000 16.207086
0.388000 16.149052
0.392000 16.092699
0.396000 16.094449
0.400000 16.144144
0.404000 16.155065
0.408000 16.143446
0.412000 16.140551
0.416000 16.179726
0.420000 16.255802
0.424000 16.304026
0.428000 16.260328
0.432000 16.232394
0.436000 16.236010
0.440000 16.235140
0.444000 16.233701
0.448000 16.298056
0.452000 16.308609
0.456000 16.310717
0.460000 16.322617
0.464000 16.272533
0.468000 16.184661
0.472000 16.217702
0.476000 16.219896
0.480000 16.202461
0.484000 16.272587
0.488000 16.284947
0.492000 16.292404
0.496000 16.276123
0.500000 16.308105
0.504000 16.286388
0.508000 16.266673
0.512000 16.268190
0.516000 16.201336
0.520000 16.188311
0.524000 16.153756
0.528000 16.145131
0.532000 16.184816
0.536000 16.240235
0.540000 16.270774
0.544000 16.288012
0.548000 16.255359
0.552000 16.195018
0.556000 16.203619
0.560000 16.297121
0.564000 16.306219
0.568000 16.233669
0.572000 16.178826
0.576000 16.213492
0.580000 16.248029
0.584000 16.285830
0.588000 16.299973
0.592000 16.238966
0.596000 16.159083
0.600000 16.162468
0.604000 16.233663
0.608000 16.215405
0.612000 16.215238
0.616000 16.231004
0.620000 16.219011
0.624000 16.196365
0.628000 16.195961
0.632000 16.270752
0.636000 16.314000
0.640000 16.220945
0.644000 16.229641
0.648000 16.243715
0.652000 16.224247
0.656000 16.219309
0.660000 16.263019
0.664000 16.331724
0.668000 16.280340
0.672000 16.198115
0.676000 16.196648
0.680000 16.238359
0.684000 16.275260
0.688000 16.296414
0.692000 16.268730
0.696000 16.253128
0.700000 16.266517
0.704000 16.308560
0.708000 16.277704
0.712000 16.255212
0.716000 16.279827
0.720000 16.343420
0.724000 16.321215
0.728000 16.315558
0.732000 16.258754
0.736000 16.230895
0.740000 16.226153
0.744000 16.295952
0.748000 16.367000
0.752000 16.363560
0.756000 16.392566
0.760000 16.354557
0.764000 16.339391
0.768000 16.237588
0.772000 16.225947
0.776000 16.343255
0.780000 16.423387
0.784000 16.396005
0.788000 16.307102
0.792000 16.259917
0.796000 16.272656
0.800000 16.271592
0.804000 16.314917
0.808000 16.334140
0.812000 16.311369
0.816000 16.363748
0.820000 16.328501
0.824000 16.241355
0.828000 16.190554
0.832000 16.238868
0.836000 16.256826
0.840000 16.321597
0.844000 16.395178
0.848000 16.441949
0.852000 16.424565
0.856000 16.357251
0.860000 16.294121
0.864000 16.291635
0.868000 16.348476
0.872000 16.387423
0.876000 16.377015
0.880000 16.364322
0.884000 16.406260
0.888000 16.385787
0.892000 16.324019
0.896000 16.276964
0.900000 16.287954
0.904000 16.332676
0.908000 16.401593
0.912000 16.409943
0.916000 16.378400
0.920000 16.321854
0.924000 16.358894
0.928000 16.400662
0.932000 16.351727
0.936000 16.318059
0.940000 16.271729
0.944000 16.317109
0.948000 16.372290
0.952000 16.409195
0.956000 16.437461
0.960000 16.424509
0.964000 16.406284
0.968000 16.350557
0.972000 16.240487
0.976000 16.221736
0.980000 16.270166
0.984000 16.274421
0.988000 16.312413
0.992000 16.346578
0.996000 16.375295
1.000000 16.344309
1.004000 16.321554
1.008000 16.288609
1.012000 16.282106
1.016000 16.250847
1.020000 16.246106
1.024000 16.286951
1.028000 16.263980
1.032000 16.248763
1.036000 16.260559
1.040000 16.265083
1.044000 16.308822
1.048000 16.267842
1.052000 16.278748
1.056000 16.317547
1.060000 16.243174
1.064000 16.242820
1.068000 16.289017
1.072000 16.230387
1.076000 16.218558
1.080000 16.271289
1.084000 16.311487
1.088000 16.306232
1.092000 16.273759
1.096000 16.259712
1.100000 16.239278
1.104000 16.295551
1.108000 16.347425
1.112000 16.305568
1.116000 16.298390
1.120000 16.273779
1.124000 16.210963
1.128000 16.164420
1.132000 16.184028
1.136000 16.198477
1.140000 16.153341
1.144000 16.197370
1.148000 16.235957
1.152000 16.287684
1.156000 16.301256
1.160000 16.289908
1.164000 16.309781
1.168000 16.336281
1.172000 16.388285
1.176000 16.335386
1.180000 16.353587
1.184000 16.330287
1.188000 16.273938
1.192000 16.316256
1.196000 16.360398
1.200000 16.436433
1.204000 16.501369
1.208000 16.478213
1.212000 16.425953
1.216000 16.385460
1.220000 16.363490
1.224000 16.324032
1.228000 16.362835
1.232000 16.357909
1.236000 16.367321
1.240000 16.464455
1.244000 16.465608
1.248000 16.428823
1.252000 16.435288
1.256000 16.461861
1.260000 16.455937
1.264000 16.436836
1.268000 16.384115
1.272000 16.463071
1.276000 16.492263
1.280000 16.409783
1.284000 16.380203
1.288000 16.383890
1.292000 16.327287
1.296000 16.325710
1.300000 16.333526
1.304000 16.337064
1.308000 16.389690
1.312000 16.368190
1.316000 16.353572
1.320000 16.333467
1.324000 16.362852
1.328000 16.376262
1.332000 16.335446
1.336000 16.353083
1.340000 16.374062
1.344000 16.370469
1.348000 16.361642
1.352000 16.370318
1.356000 16.388802
1.360000 16.370349
1.364000 16.366320
1.368000 16.315848
1.372000 16.376663
1.376000 16.387836
1.380000 16.351861
1.384000 16.334818
1.388000 16.361458
1.392000 16.353221
1.396000 16.328458
1.400000 16.361313
1.404000 16.364146
1.408000 16.298046
1.412000 16.203289
1.416000 16.243491
1.420000 16.263226
1.424000 16.361165
1.428000 16.412055
1.432000 16.375847
1.436000 16.377244
1.440000 16.326194
1.444000 16.351530
1.448000 16.385000
1.452000 16.323610
1.456000 16.300615
1.460000 16.297895
1.464000 16.275449
1.468000 16.245500
1.472000 16.242916
1.476000 16.293164
1.480000 16.323497
1.484000 16.367946
1.488000 16.342506
1.492000 16.347614
1.496000 16.370200
1.500000 16.402404
1.504000 16.391595
1.508000 16.376716
1.512000 16.350098
1.516000 16.351918
1.520000 16.371369
1.524000 16.375919
1.528000 16.331992
1.532000 16.311403
1.536000 16.298202
1.540000 16.279056
1.544000 16.268006
1.548000 16.336800
1.552000 16.375085
1.556000 16.384683
1.560000 16.357105
1.564000 16.390726
1.568000 16.350515
1.572000 16.334152
1.576000 16.346589
1.580000 16.322960
1.584000 16.311656
1.588000 16.298615
1.592000 16.262533
1.596000 16.320451
1.600000 16.308072
1.604000 16.387023
1.608000 16.408152
1.612000 16.369231
1.616000 16.333172
1.620000 16.345313
1.624000 16.394728
1.628000 16.354404
1.632000 16.263714
1.636000 16.262120
1.640000 16.378384
1.644000 16.431257
1.648000 16.410585
1.652000 16.296461
1.656000 16.277484
1.660000 16.316394
1.664000 16.298132
1.668000 16.305976
1.672000 16.331331
1.676000 16.353599
1.680000 16.334825
1.684000 16.312199
1.688000 16.373408
1.692000 16.379051
1.696000 16.399180
1.700000 16.406374
1.704000 16.411709
1.708000 16.366287
1.712000 16.319406
1.716000 16.300525
1.720000 16.328487
1.724000 16.381301
1.728000 16.407633
1.732000 16.387288
1.736000 16.319245
1.740000 16.365375
1.744000 16.421317
1.748000 16.386186
1.752000 16.427527
1.756000 16.465125
1.760000 16.452516
1.764000 16.491324
1.768000 16.530682
1.772000 16.515714
1.776000 16.400215
1.780000 16.313040
1.784000 16.313722
1.788000 16.398793
1.792000 16.433839
1.796000 16.380616
1.800000 16.380022
1.804000 16.381003
1.808000 16.359044
1.812000 16.353428
1.816000 16.451286
1.820000 16.473757
1.824000 16.450211
1.828000 16.429806
1.832000 16.431963
1.836000 16.399067
1.840000 16.483809
1.844000 16.495552
1.848000 16.452355
1.852000 16.377456
1.856000 16.339176
1.860000 16.345226
1.864000 16.358399
1.868000 16.322885
1.872000 16.384826
1.876000 16.368009
1.880000 16.334251
1.884000 16.322959
1.888000 16.346682
1.892000 16.391321
1.896000 16.425992
1.900000 16.426688
1.904000 16.366950
1.908000 16.335739
1.912000 16.363150
1.916000 16.429364
1.920000 16.481385
1.924000 16.423161
1.928000 16.401466
1.932000 16.387503
1.936000 16.459741
1.940000 16.467820
1.944000 16.419243
1.948000 16.431087
1.952000 16.460316
1.956000 16.465447
1.960000 16.458938
1.964000 16.492892
1.968000 16.450297
1.972000 16.400548
1.976000 16.396501
1.980000 16.392356
1.984000 16.364018
1.988000 16.383502
1.992000 16.368049
1.996000 16.356666
2.000000 16.388195
2.004000 16.418006
2.008000 16.426666
2.012000 16.433485
2.016000 16.434987
2.020000 16.447985
2.024000 16.477647
2.028000 16.424009
2.032000 16.392796
2.036000 16.392635
2.040000 16.423613
2.044000 16.402326
2.048000 16.397071
2.052000 16.368985
2.056000 16.338848
2.060000 16.349932
2.064000 16.428295
2.068000 16.443801
2.072000 16.396639
2.076000 16.320416
2.080000 16.307611
2.084000 16.324848
2.088000 16.369021
2.092000 16.434894
2.096000 16.406021
2.100000 16.373886
2.104000 16.423756
2.108000 16.433577
2.112000 16.358690
2.116000 16.319321
2.120000 16.408800
2.124000 16.478555
2.128000 16.545979
2.132000 16.521547
2.136000 16.444888
2.140000 16.383147
2.144000 16.439425
2.148000 16.523110
2.152000 16.492878
2.156000 16.427555
2.160000 16.474131
2.164000 16.522931
2.168000 16.531554
2.172000 16.476901
2.176000 16.374630
2.180000 16.324039
2.184000 16.350970
2.188000 16.391323
2.192000 16.424957
2.196000 16.481013
2.200000 16.436856
2.204000 16.423168
2.208000 16.484229
2.212000 16.543653
2.216000 16.560435
2.220000 16.433748
2.224000 16.444312
2.228000 16.513909
2.232000 16.515350
2.236000 16.436964
2.240000 16.388777
2.244000 16.449809
2.248000 16.562318
2.252000 16.542195
2.256000 16.438663
2.260000 16.403581
2.264000 16.383765
2.268000 16.425458
2.272000 16.501221
2.276000 16.525252
2.280000 16.451096
2.284000 16.412668
2.288000 16.431150
2.292000 16.490658
2.296000 16.533642
2.300000 16.518948
2.304000 16.459274
2.308000 16.455151
2.312000 16.406316
2.316000 16.392458
2.320000 16.414474
2.324000 16.432758
2.328000 16.422232
2.332000 16.415216
2.336000 16.428472
2.340000 16.499598
2.344000 16.482433
2.348000 16.444556
2.352000 16.495284
2.356000 16.470475
2.360000 16.409487
2.364000 16.294773
2.368000 16.313420
2.372000 16.400841
2.376000 16.404258
2.380000 16.403514
2.384000 16.335274
2.388000 16.343218
2.392000 16.376493
2.396000 16.370992
2.400000 16.409552
2.404000 16.443084
2.408000 16.431780
2.412000 16.423257
2.416000 16.435197
2.420000 16.430525
2.424000 16.444266
2.428000 16.422539
2.432000 16.462418
2.436000 16.551778
2.440000 16.549843
2.444000 16.467140
2.448000 16.401616
2.452000 16.385873
2.456000 16.387749
2.460000 16.396204
2.464000 16.361384
2.468000 16.362596
2.472000 16.398338
2.476000 16.416309
2.480000 16.424022
2.484000 16.409180
2.488000 16.445882
2.492000 16.468556
2.496000 16.471696
2.500000 16.415842
2.504000 16.406902
2.508000 16.423332
2.512000 16.432876
2.516000 16.389788
2.520000 16.400079
2.524000 16.423447
2.528000 16.402625
2.532000 16.373744
2.536000 16.350166
2.540000 16.432164
2.544000 16.432309
2.548000 16.389086
2.552000 16.333413
2.556000 16.290883
2.560000 16.278769
2.564000 16.302383
2.568000 16.336956
2.572000 16.365103
2.576000 16.335744
2.580000 16.328402
2.584000 16.321757
2.588000 16.400264
2.592000 16.408098
2.596000 16.412114
2.600000 16.407371
2.604000 16.419303
2.608000 16.415283
2.612000 16.385973
2.616000 16.388094
2.620000 16.418435
2.624000 16.427694
2.628000 16.433344
2.632000 16.440324
2.636000 16.402094
2.640000 16.395391
2.644000 16.428256
2.648000 16.460027
2.652000 16.425819
2.656000 16.418690
2.660000 16.420366
2.664000 16.483100
2.668000 16.461044
2.672000 16.426493
2.676000 16.380523
2.680000 16.288281
2.684000 16.347592
2.688000 16.407312
2.692000 16.464993
2.696000 16.390105
2.700000 16.367486
2.704000 16.367330
2.708000 16.394693
2.712000 16.462769
2.716000 16.567242
2.720000 16.554352
2.724000 16.459761
2.728000 16.478724
2.732000 16.453657
2.736000 16.437758
2.740000 16.442835
2.744000 16.411866
2.748000 16.482265
2.752000 16.536936
2.756000 16.542063
2.760000 16.544638
2.764000 16.516280
2.768000 16.441324
2.772000 16.455273
2.776000 16.462300
2.780000 16.444353
2.784000 16.399847
2.788000 16.432854
2.792000 16.403507
2.796000 16.379128
2.800000 16.425465
2.804000 16.347581
2.808000 16.379216
2.812000 16.334044
2.816000 16.303627
2.820000 16.344635
2.824000 16.401883
2.828000 16.419088
2.832000 16.449958
2.836000 16.475410
2.840000 16.494624
2.844000 16.478906
2.848000 16.424847
2.852000 16.387003
2.856000 16.327535
2.860000 16.348444
2.864000 16.477644
2.868000 16.530195
2.872000 16.445080
2.876000 16.310241
2.880000 16.329138
2.884000 16.429921
2.888000 16.435103
2.892000 16.399989
2.896000 16.341549
2.900000 16.357558
2.904000 16.389776
2.908000 16.429874
2.912000 16.465011
2.916000 16.412111
2.920000 16.356905
2.924000 16.363056
2.928000 16.363411
2.932000 16.404541
2.936000 16.450074
2.940000 16.442617
2.944000 16.425165
2.948000 16.403741
2.952000 16.425902
2.956000 16.357821
2.960000 16.425824
2.964000 16.441040
2.968000 16.439216
2.972000 16.403274
2.976000 16.433809
2.980000 16.439947
2.984000 16.368941
2.988000 16.352780
2.992000 16.351141
2.996000 16.338399
3.000000 16.346847
3.004000 16.362394
3.008000 16.462681
3.012000 16.481657
3.016000 16.424281
3.020000 16.315257
3.024000 16.239444
3.028000 16.294285
3.032000 16.382877
3.036000 16.383968
3.040000 16.414233
3.044000 16.375910
3.048000 16.345375
3.052000 16.339560
3.056000 16.322073
3.060000 16.295507
3.064000 16.332734
3.068000 16.379337
3.072000 16.309202
3.076000 16.269628
3.080000 16.215482
3.084000 16.243563
3.088000 16.318070
3.092000 16.328558
3.096000 16.371531
3.100000 16.352825
3.104000 16.287431
3.108000 16.253784
3.112000 16.289793
3.116000 16.352275
3.120000 16.441834
3.124000 16.412929
3.128000 16.339847
3.132000 16.291776
3.136000 16.273414
3.140000 16.263838
3.144000 16.330849
3.148000 16.400783
3.152000 16.418660
3.156000 16.437089
3.160000 16.369570
3.164000 16.349451
3.168000 16.340212
3.172000 16.308892
3.176000 16.292078
3.180000 16.344543
3.184000 16.390177
3.188000 16.368395
3.192000 16.322927
3.196000 16.331411
3.200000 16.281012
3.204000 16.271668
3.208000 16.265768
3.212000 16.258546
3.216000 16.279941
3.220000 16.290895
3.224000 16.262267
3.228000 16.233393
3.232000 16.305012
3.236000 16.328771
3.240000 16.388965
3.244000 16.377679
3.248000 16.331977
3.252000 16.274050
3.256000 16.249097
3.260000 16.296238
3.264000 16.292722
3.268000 16.230688
3.272000 16.236909
3.276000 16.254771
3.280000 16.269271
3.284000 16.269101
3.288000 16.258113
3.292000 16.284646
3.296000 16.293090
3.300000 16.300073
3.304000 16.233493
3.308000 16.241305
3.312000 16.344204
3.316000 16.389631
3.320000 16.402514
3.324000 16.350828
3.328000 16.256693
3.332000 16.247854
3.336000 16.263002
3.340000 16.312995
3.344000 16.378551
3.348000 16.351285
3.352000 16.279892
3.356000 16.249729
3.360000 16.283401
3.364000 16.307877
3.368000 16.300139
3.372000 16.254069
3.376000 16.224034
3.380000 16.307980
3.384000 16.325203
3.388000 16.275084
3.392000 16.215210
3.396000 16.167574
3.400000 16.242437
3.404000 16.305101
3.408000 16.360555
3.412000 16.274031
3.416000 16.180743
3.420000 16.207988
3.424000 16.225204
3.428000 16.201150
3.432000 16.212155
3.436000 16.272617
3.440000 16.259499
3.444000 16.178207
3.448000 16.206975
3.452000 16.303458
3.456000 16.325304
3.460000 16.364340
3.464000 16.357634
3.468000 16.351728
3.472000 16.341203
3.476000 16.282292
3.480000 16.288608
3.484000 16.312224
3.488000 16.255343
3.492000 16.258513
3.496000 16.273181
3.500000 16.276800
3.504000 16.323832
3.508000 16.381680
3.512000 16.297895
3.516000 16.272475
3.520000 16.287328
3.524000 16.274244
3.528000 16.271360
3.532000 16.275016
3.536000 16.301736
3.540000 16.273490
3.544000 16.203424
3.548000 16.174696
3.552000 16.235423
3.556000 16.250026
3.560000 16.261573
3.564000 16.294371
3.568000 16.305626
3.572000 16.350781
3.576000 16.390200
3.580000 16.416045
3.584000 16.384461
3.588000 16.317114
3.592000 16.253328
3.596000 16.218882
3.600000 16.289689
3.604000 16.324137
3.608000 16.241484
3.612000 16.220819
3.616000 16.211286
3.620000 16.236720
3.624000 16.258286
3.628000 16.251435
3.632000 16.301265
3.636000 16.363564
3.640000 16.363578
3.644000 16.282742
3.648000 16.256384
3.652000 16.240918
3.656000 16.235184
3.660000 16.287325
3.664000 16.278076
3.668000 16.241758
3.672000 16.210435
3.676000 16.223416
3.680000 16.217603
3.684000 16.238860
3.688000 16.246498
3.692000 16.230044
3.696000 16.258111
3.700000 16.261439
3.704000 16.238109
3.708000 16.203423
3.712000 16.245843
3.716000 16.325796
3.720000 16.341904
3.724000 16.362671
3.728000 16.324509
3.732000 16.320892
3.736000 16.371147
3.740000 16.399543
3.744000 16.331669
3.748000 16.267972
3.752000 16.285192
3.756000 16.356799
3.760000 16.350451
3.764000 16.320843
3.768000 16.348511
3.772000 16.351276
3.776000 16.374716
3.780000 16.353243
3.784000 16.346846
3.788000 16.350904
3.792000 16.396197
3.796000 16.473214
3.800000 16.480218
3.804000 16.386508
3.808000 16.321377
3.812000 16.297952
3.816000 16.351420
3.820000 16.400993
3.824000 16.346588
3.828000 16.251681
3.832000 16.239337
3.836000 16.272892
3.840000 16.333059
3.844000 16.340170
3.848000 16.278154
3.852000 16.266315
3.856000 16.277753
3.860000 16.336963
3.864000 16.348840
3.868000 16.278235
3.872000 16.254552
3.876000 16.290510
3.880000 16.354741
3.884000 16.410925
3.888000 16.347430
3.892000 16.316535
3.896000 16.345731
3.900000 16.387653
3.904000 16.372125
3.908000 16.345346
3.912000 16.380555
3.916000 16.403411
3.920000 16.374714
3.924000 16.298346
3.928000 16.289998
3.932000 16.323684
3.936000 16.390498
3.940000 16.384680
3.944000 16.345271
3.948000 16.354741
3.952000 16.358582
3.956000 16.307123
3.960000 16.285371
3.964000 16.271485
3.968000 16.266351
3.972000 16.281201
3.976000 16.324270
3.980000 16.289591
3.984000 16.207304
3.988000 16.153985
3.992000 16.189930
3.996000 16.243964
4.000000 16.278872
4.004000 16.250863
4.008000 16.195448
4.012000 16.198751
4.016000 16.246053
4.020000 16.264337
4.024000 16.300989
4.028000 16.320453
4.032000 16.326996
4.036000 16.287651
4.040000 16.259914
4.044000 16.247402
4.048000 16.257211
4.052000 16.298431
4.056000 16.281751
4.060000 16.269757
4.064000 16.233021
4.068000 16.238295
4.072000 16.294361
4.076000 16.336868
4.080000 16.372226
4.084000 16.327221
4.088000 16.289455
4.092000 16.283601
4.096000 16.307239
4.100000 16.360338
4.104000 16.389087
4.108000 16.413932
4.112000 16.309437
4.116000 16.259044
4.120000 16.330489
4.124000 16.350470
4.128000 16.273183
4.132000 16.233276
4.136000 16.266430
4.140000 16.346336
4.144000 16.369349
4.148000 16.310934
4.152000 16.257738
4.156000 16.286141
4.160000 16.274392
4.164000 16.349065
4.168000 16.388844
4.172000 16.350315
4.176000 16.262104
4.180000 16.229598
4.184000 16.286439
4.188000 16.379947
4.192000 16.372252
4.196000 16.276164
4.200000 16.200620
4.204000 16.234842
4.208000 16.353229
4.212000 16.353228
4.216000 16.267467
4.220000 16.274449
4.224000 16.314295
4.228000 16.299152
4.232000 16.314867
4.236000 16.309974
4.240000 16.313422
4.244000 16.266956
4.248000 16.199269
4.252000 16.190168
4.256000 16.225088
4.260000 16.309125
4.264000 16.341708
4.268000 16.311874
4.272000 16.327106
4.276000 16.357744
4.280000 16.365723
4.284000 16.378841
4.288000 16.421193
4.292000 16.400192
4.296000 16.336122
4.300000 16.307180
4.304000 16.355376
4.308000 16.399770
4.312000 16.451011
4.316000 16.435235
4.320000 16.418150
4.324000 16.418112
4.328000 16.402773
4.332000 16.394567
4.336000 16.383893
4.340000 16.380785
4.344000 16.352931
4.348000 16.356839
4.352000 16.374572
4.356000 16.376773
4.360000 16.372272
4.364000 16.305668
4.368000 16.273142
4.372000 16.222495
4.376000 16.294939
4.380000 16.380281
4.384000 16.341017
4.388000 16.308242
4.392000 16.305056
4.396000 16.321779
4.400000 16.346182
4.404000 16.299211
4.408000 16.259983
4.412000 16.245283
4.416000 16.297157
4.420000 16.297920
4.424000 16.304220
4.428000 16.311608
4.432000 16.339741
4.436000 16.367756
4.440000 16.364103
4.444000 16.304123
4.448000 16.314627
4.452000 16.345211
4.456000 16.310123
4.460000 16.231724
4.464000 16.203879
4.468000 16.224063
4.472000 16.292080
4.476000 16.297160
4.480000 16.272807
4.484000 16.284964
4.488000 16.343222
4.492000 16.372667
4.496000 16.402998
4.500000 16.346960
4.504000 16.361438
4.508000 16.344824
4.512000 16.372142
4.516000 16.389256
4.520000 16.371556
4.524000 16.372007
4.528000 16.317790
4.532000 16.290579
4.536000 16.298473
4.540000 16.316135
4.544000 16.281946
4.548000 16.309904
4.552000 16.293366
4.556000 16.334031
4.560000 16.338629
4.564000 16.363200
4.568000 16.334557
4.572000 16.281294
4.576000 16.279441
4.580000 16.327970
4.584000 16.367952
4.588000 16.297550
4.592000 16.283804
4.596000 16.321349
4.600000 16.345101
4.604000 16.359474
4.608000 16.438682
4.612000 16.434296
4.616000 16.459962
4.620000 16.494117
4.624000 16.402391
4.628000 16.385073
4.632000 16.422140
4.636000 16.390871
4.640000 16.339951
4.644000 16.303400
4.648000 16.307058
4.652000 16.387989
4.656000 16.360404
4.660000 16.349446
4.664000 16.387495
4.668000 16.388120
4.672000 16.330340
4.676000 16.278889
4.680000 16.291432
4.684000 16.341600
4.688000 16.359227
4.692000 16.352959
4.696000 16.277152
4.700000 16.240722
4.704000 16.266330
4.708000 16.213258
4.712000 16.185797
4.716000 16.161062
4.720000 16.196987
4.724000 16.279028
4.728000 16.295345
4.732000 16.243209
4.736000 16.260233
4.740000 16.305704
4.744000 16.358756
4.748000 16.398840
4.752000 16.419173
4.756000 16.388118
4.760000 16.353113
4.764000 16.292542
4.768000 16.266800
4.772000 16.298273
4.776000 16.310039
4.780000 16.302482
4.784000 16.289733
4.788000 16.269741
4.792000 16.306930
4.796000 16.286490
4.800000 16.217238
4.804000 16.225176
4.808000 16.217147
4.812000 16.288127
4.816000 16.307408
4.820000 16.304854
4.824000 16.294843
4.828000 16.282521
4.832000 16.284969
4.836000 16.295827
4.840000 16.276636
4.844000 16.202086
4.848000 16.170610
4.852000 16.217222
4.856000 16.306497
4.860000 16.338065
4.864000 16.281708
4.868000 16.292223
4.872000 16.313692
4.876000 16.328940
4.880000 16.312319
4.884000 16.346378
4.888000 16.391501
4.892000 16.402366
4.896000 16.445071
4.900000 16.411044
4.904000 16.373752
4.908000 16.336322
4.912000 16.335939
4.916000 16.395290
4.920000 16.418710
4.924000 16.420584
4.928000 16.380432
4.932000 16.398340
4.936000 16.367466
4.940000 16.324774
4.944000 16.290627
4.948000 16.276294
4.952000 16.319075
4.956000 16.334186
4.960000 16.307724
4.964000 16.297420
4.968000 16.338246
4.972000 16.377691
4.976000 16.410459
4.980000 16.444270
4.984000 16.471012
4.988000 16.460934
4.992000 16.424059
4.996000 16.436293
