0.012000 -10.428235
0.016000 5.244591
0.020000 10.076840
0.024000 11.694204
0.028000 12.299525
0.032000 12.554807
0.036000 12.778090
0.040000 12.859483
0.044000 12.856935
0.048000 12.843852
0.052000 12.887613
0.056000 12.866200
0.060000 12.866613
0.064000 12.890933
0.068000 12.870261
0.072000 12.858966
0.076000 12.890405
0.080000 12.944182
0.084000 13.035580
0.088000 13.052650
0.092000 13.081284
0.096000 13.094942
0.100000 13.083673
0.104000 13.021741
0.108000 13.006641
0.112000 13.021350
0.116000 13.014624
0.120000 13.012996
0.124000 13.052562
0.128000 13.081899
0.132000 13.049967
0.136000 13.071308
0.140000 13.069346
0.144000 13.072705
0.148000 13.080585
0.152000 13.068598
0.156000 13.195385
0.160000 13.313922
0.164000 13.302561
0.168000 13.254536
0.172000 13.241387
0.176000 13.201209
0.180000 13.166193
0.184000 13.166931
0.188000 13.160642
0.192000 13.241951
0.196000 13.273900
0.200000 13.212019
0.204000 13.135589
0.208000 13.177318
0.212000 13.219665
0.216000 13.241872
0.220000 13.265262
0.224000 13.234476
0.228000 13.251879
0.232000 13.196141
0.236000 13.117404
0.240000 13.127028
0.244000 13.192756
0.248000 13.251691
0.252000 13.146573
0.256000 13.106549
0.260000 13.130380
0.264000 13.131995
0.268000 13.125712
0.272000 13.135690
0.276000 13.125410
0.280000 13.187178
0.284000 13.304821
0.288000 13.220504
0.292000 13.129221
0.296000 13.071472
0.300000 13.076448
0.304000 13.148945
0.308000 13.182207
0.312000 13.181839
0.316000 13.214888
0.320000 13.211163
0.324000 13.156129
0.328000 13.101138
0.332000 13.155245
0.336000 13.181563
0.340000 13.163725
0.344000 13.162946
0.348000 13.217147
0.352000 13.212671
0.356000 13.224370
0.360000 13.170269
0.364000 13.158243
0.368000 13.198564
0.372000 13.316835
0.376000 13.367512
0.380000 13.307374
0.384000 13.261125
0.388000 13.249072
0.392000 13.315413
0.396000 13.360052
0.400000 13.280179
0.404000 13.271744
0.408000 13.369470
0.412000 13.392310
0.416000 13.340080
0.420000 13.242998
0.424000 13.181924
0.428000 13.256916
0.432000 13.382974
0.436000 13.343492
0.440000 13.276550
0.444000 13.225859
0.448000 13.208285
0.452000 13.225008
0.456000 13.195895
0.460000 13.250765
0.464000 13.262981
0.468000 13.334832
0.472000 13.433491
0.476000 13.423154
0.480000 13.377470
0.484000 13.302364
0.488000 13.309447
0.492000 13.387705
0.496000 13.466739
0.500000 13.470317
0.504000 13.439344
0.508000 13.437753
0.512000 13.351397
0.516000 13.344099
0.520000 13.325149
0.524000 13.298334
0.528000 13.272234
0.532000 13.302544
0.536000 13.406930
0.540000 13.417663
0.544000 13.393242
0.548000 13.331350
0.552000 13.390435
0.556000 13.437649
0.560000 13.483832
0.564000 13.490657
0.568000 13.500004
0.572000 13.460144
0.576000 13.424647
0.580000 13.410980
0.584000 13.413218
0.588000 13.484404
0.592000 13.535079
0.596000 13.466872
0.600000 13.441688
0.604000 13.429523
0.608000 13.435613
0.612000 13.489986
0.616000 13.550755
0.620000 13.542936
0.624000 13.518245
0.628000 13.463500
0.632000 13.465457
0.636000 13.450263
0.640000 13.458431
0.644000 13.502609
0.648000 13.523856
0.652000 13.545922
0.656000 13.596792
0.660000 13.561106
0.664000 13.562190
0.668000 13.498806
0.672000 13.517086
0.676000 13.506275
0.680000 13.422772
0.684000 13.433618
0.688000 13.485538
0.692000 13.538086
0.696000 13.583665
0.700000 13.553150
0.704000 13.517998
0.708000 13.544426
0.712000 13.575047
0.716000 13.530384
0.720000 13.469369
0.724000 13.452296
0.728000 13.493072
0.732000 13.543038
0.736000 13.560711
0.740000 13.578709
0.744000 13.614408
0.748000 13.647227
0.752000 13.605811
0.756000 13.530944
0.760000 13.549233
0.764000 13.620989
0.768000 13.686193
0.772000 13.640403
0.776000 13.622971
0.780000 13.565389
0.784000 13.516805
0.788000 13.522038
0.792000 13.533561
0.796000 13.574312
0.800000 13.524450
0.804000 13.506588
0.808000 13.481008
0.812000 13.451193
0.816000 13.457381
0.820000 13.471396
0.824000 13.471563
0.828000 13.454472
0.832000 13.461195
0.836000 13.503881
0.840000 13.476543
0.844000 13.452637
0.848000 13.531289
0.852000 13.622600
0.856000 13.640905
0.860000 13.617882
0.864000 13.580324
0.868000 13.595103
0.872000 13.642480
0.876000 13.602458
0.880000 13.592894
0.884000 13.608210
0.888000 13.627258
0.892000 13.598539
0.896000 13.576855
0.900000 13.565586
0.904000 13.658577
0.908000 13.682714
0.912000 13.696704
0.916000 13.672072
0.920000 13.668726
0.924000 13.709377
0.928000 13.768198
0.932000 13.789964
0.936000 13.726656
0.940000 13.672107
0.944000 13.612835
0.948000 13.625057
0.952000 13.637120
0.956000 13.605340
0.960000 13.667309
0.964000 13.791484
0.968000 13.823316
0.972000 13.773117
0.976000 13.648253
0.980000 13.623174
0.984000 13.641494
0.988000 13.634179
0.992000 13.710603
0.996000 13.750344
1.000000 13.734001
1.004000 13.680328
1.008000 13.719891
1.012000 13.757179
1.016000 13.754730
1.020000 13.692832
1.024000 13.710912
1.028000 13.686832
1.032000 13.695347
1.036000 13.729856
1.040000 13.723768
1.044000 13.750469
1.048000 13.801304
1.052000 13.807545
1.056000 13.750696
1.060000 13.740477
1.064000 13.692987
1.068000 13.591369
1.072000 13.607250
1.076000 13.634353
1.080000 13.704554
1.084000 13.729166
1.088000 13.789629
1.092000 13.741049
1.096000 13.719872
1.100000 13.749945
1.104000 13.743397
1.108000 13.681677
1.112000 13.632980
1.116000 13.582436
1.120000 13.602158
1.124000 13.650295
1.128000 13.683632
1.132000 13.702516
1.136000 13.681018
1.140000 13.638589
1.144000 13.642277
1.148000 13.695212
1.152000 13.719021
1.156000 13.746209
1.160000 13.787677
1.164000 13.793601
1.168000 13.757546
1.172000 13.649263
1.176000 13.580003
1.180000 13.655755
1.184000 13.706469
1.188000 13.772809
1.192000 13.729423
1.196000 13.722608
1.200000 13.783971
1.204000 13.760746
1.208000 13.758936
1.212000 13.816561
1.216000 13.847350
1.220000 13.822436
1.224000 13.765122
1.228000 13.728686
1.232000 13.741678
1.236000 13.775199
1.240000 13.803500
1.244000 13.839305
1.248000 13.863393
1.252000 13.795143
1.256000 13.796576
1.260000 13.846400
1.264000 13.848590
1.268000 13.813025
1.272000 13.748821
1.276000 13.653482
1.280000 13.671486
1.284000 13.754801
1.288000 13.808101
1.292000 13.846784
1.296000 13.778479
1.300000 13.716535
1.304000 13.677904
1.308000 13.687692
1.312000 13.751424
1.316000 13.757776
1.320000 13.792716
1.324000 13.686661
1.328000 13.657036
1.332000 13.692250
1.336000 13.742884
1.340000 13.796525
1.344000 13.778088
1.348000 13.805025
1.352000 13.813630
1.356000 13.777805
1.360000 13.745220
1.364000 13.766606
1.368000 13.769007
1.372000 13.727975
1.376000 13.682617
1.380000 13.706998
1.384000 13.766739
1.388000 13.794373
1.392000 13.773083
1.396000 13.788071
1.400000 13.785092
1.404000 13.826217
1.408000 13.796646
1.412000 13.744758
1.416000 13.797298
1.420000 13.848288
1.424000 13.821205
1.428000 13.762652
1.432000 13.755982
1.436000 13.823962
1.440000 13.850297
1.444000 13.843764
1.448000 13.831187
1.452000 13.847073
1.456000 13.827768
1.460000 13.777093
1.464000 13.762134
1.468000 13.849187
1.472000 13.912998
1.476000 13.904550
1.480000 13.855887
1.484000 13.828434
1.488000 13.858502
1.492000 13.893805
1.496000 13.863753
1.500000 13.780580
1.504000 13.733110
1.508000 13.754267
1.512000 13.778409
1.516000 13.792374
1.520000 13.852726
1.524000 13.831930
1.528000 13.805252
1.532000 13.790645
1.536000 13.757504
1.540000 13.786686
1.544000 13.882857
1.548000 13.909428
1.552000 13.866486
1.556000 13.791870
1.560000 13.847319
1.564000 13.917235
1.568000 13.894192
1.572000 13.836251
1.576000 13.795769
1.580000 13.804668
1.584000 13.841384
1.588000 13.836999
1.592000 13.850578
1.596000 13.866690
1.600000 13.821378
1.604000 13.845140
1.608000 13.854696
1.612000 13.867476
1.616000 13.883975
1.620000 13.888906
1.624000 13.872421
1.628000 13.847293
1.632000 13.854136
1.636000 13.830034
1.640000 13.831601
1.644000 13.816473
1.648000 13.855743
1.652000 13.878317
1.656000 13.895030
1.660000 13.884954
1.664000 13.862276
1.668000 13.880797
1.672000 13.916392
1.676000 13.933725
1.680000 13.945532
1.684000 13.980701
1.688000 13.912766
1.692000 13.876655
1.696000 13.911857
1.700000 13.940432
1.704000 13.924396
1.708000 13.898324
1.712000 13.898397
1.716000 13.881682
1.720000 13.851678
1.724000 13.860464
1.728000 13.904487
1.732000 13.926117
1.736000 13.959324
1.740000 13.950851
1.744000 13.956636
1.748000 13.918329
1.752000 13.910729
1.756000 13.920366
1.760000 13.925159
1.764000 13.929749
1.768000 13.894684
1.772000 13.890645
1.776000 13.943099
1.780000 13.988674
1.784000 14.036835
1.788000 14.050099
1.792000 14.023053
1.796000 13.953135
1.800000 13.943217
1.804000 13.975597
1.808000 13.950754
1.812000 13.921253
1.816000 13.888511
1.820000 13.929088
1.824000 13.935544
1.828000 13.952005
1.832000 13.907130
1.836000 13.914988
1.840000 13.954620
1.844000 13.993514
1.848000 13.955172
1.852000 13.936980
1.856000 13.951117
1.860000 14.003768
1.864000 13.987077
1.868000 13.940435
1.872000 13.913853
1.876000 13.941967
1.880000 13.977332
1.884000 13.997010
1.888000 14.002951
1.892000 13.998926
1.896000 13.996909
1.900000 14.020067
1.904000 14.009063
1.908000 14.006011
1.912000 13.977645
1.916000 13.951764
1.920000 13.977729
1.924000 14.027534
1.928000 14.009248
1.932000 13.926730
1.936000 13.905872
1.940000 13.901756
1.944000 13.923862
1.948000 13.960787
1.952000 13.938050
1.956000 13.932397
1.960000 13.957641
1.964000 13.987692
1.968000 14.001427
1.972000 13.957031
1.976000 13.938457
1.980000 13.921895
1.984000 13.956888
1.988000 13.975318
1.992000 13.943224
1.996000 13.897524
2.000000 13.895471
2.004000 13.954445
2.008000 13.994128
2.012000 13.989605
2.016000 13.957739
2.020000 13.980577
2.024000 13.942841
2.028000 13.894585
2.032000 13.938599
2.036000 13.952052
2.040000 13.983153
2.044000 14.011977
2.048000 13.962696
2.052000 13.935747
2.056000 13.974287
2.060000 13.972324
2.064000 13.963315
2.068000 13.957615
2.072000 13.967320
2.076000 13.943518
2.080000 13.890564
2.084000 13.880046
2.088000 13.955536
2.092000 13.987450
2.096000 13.964579
2.100000 13.921490
2.104000 13.928896
2.108000 13.958782
2.112000 13.986985
2.116000 14.028993
2.120000 13.988250
2.124000 13.939923
2.128000 13.890866
2.132000 13.898800
2.136000 13.929685
2.140000 13.943358
2.144000 13.956244
2.148000 13.932764
2.152000 13.894286
2.156000 13.920105
2.160000 13.954028
2.164000 13.963928
2.168000 13.945514
2.172000 13.968066
2.176000 13.986947
2.180000 13.968866
2.184000 13.928994
2.188000 13.922307
2.192000 13.953970
2.196000 13.975262
2.200000 13.965421
2.204000 13.979884
2.208000 13.996737
2.212000 14.014535
2.216000 14.004167
2.220000 13.983566
2.224000 13.974548
2.228000 14.004657
2.232000 14.019463
2.236000 14.000382
2.240000 13.991019
2.244000 14.015881
2.248000 14.024198
2.252000 14.021438
2.256000 13.983612
2.260000 13.996014
2.264000 14.012530
2.268000 13.988647
2.272000 14.001798
2.276000 14.048837
2.280000 14.032239
2.284000 13.966505
2.288000 13.988623
2.292000 14.030328
2.296000 14.058174
2.300000 14.052616
2.304000 14.018333
2.308000 13.988981
2.312000 13.975104
2.316000 13.987128
2.320000 13.980679
2.324000 13.976794
2.328000 13.960284
2.332000 13.942265
2.336000 13.940104
2.340000 13.964630
2.344000 13.988569
2.348000 14.007930
2.352000 13.971902
2.356000 13.979535
2.360000 13.985866
2.364000 13.978458
2.368000 14.021534
2.372000 14.000022
2.376000 13.955161
2.380000 13.948706
2.384000 13.985093
2.388000 14.022815
2.392000 14.042687
2.396000 14.052404
2.400000 14.003723
2.404000 14.002962
2.408000 14.059562
2.412000 14.089608
2.416000 14.043004
2.420000 14.035947
2.424000 14.038789
2.428000 14.008465
2.432000 13.986849
2.436000 13.993207
2.440000 14.008494
2.444000 14.039018
2.448000 14.014647
2.452000 13.993701
2.456000 13.984545
2.460000 13.967567
2.464000 13.982054
2.468000 14.017286
2.472000 14.023958
2.476000 14.026417
2.480000 14.036817
2.484000 14.059380
2.488000 14.069663
2.492000 14.089575
2.496000 14.061772
2.500000 14.048254
2.504000 14.020401
2.508000 14.032674
2.512000 14.021527
2.516000 14.008420
2.520000 14.007409
2.524000 14.017920
2.528000 14.032573
2.532000 14.031112
2.536000 14.031738
2.540000 14.004553
2.544000 13.987965
2.548000 14.021788
2.552000 14.032830
2.556000 14.007235
2.560000 13.990557
2.564000 13.987843
2.568000 14.023594
2.572000 14.014829
2.576000 13.987546
2.580000 13.999669
2.584000 14.015234
2.588000 14.026261
2.592000 14.043582
2.596000 14.065203
2.600000 14.078385
2.604000 14.078916
2.608000 14.074364
2.612000 14.051997
2.616000 14.047224
2.620000 14.003373
2.624000 13.982817
2.628000 13.983769
2.632000 14.008744
2.636000 14.035051
2.640000 14.069092
2.644000 14.058838
2.648000 14.024437
2.652000 14.004385
2.656000 14.094823
2.660000 14.107958
2.664000 14.075409
2.668000 14.057305
2.672000 14.077180
2.676000 14.101303
2.680000 14.091692
2.684000 14.108073
2.688000 14.093965
2.692000 14.094564
2.696000 14.113095
2.700000 14.081295
2.704000 14.067562
2.708000 14.060888
2.712000 14.057808
2.716000 14.037900
2.720000 14.054190
2.724000 14.097369
2.728000 14.080912
2.732000 14.049586
2.736000 14.054418
2.740000 14.083190
2.744000 14.103861
2.748000 14.110202
2.752000 14.081159
2.756000 14.042784
2.760000 14.092603
2.764000 14.146497
2.768000 14.155010
2.772000 14.164340
2.776000 14.162275
2.780000 14.136803
2.784000 14.117830
2.788000 14.098734
2.792000 14.125171
2.796000 14.137985
2.800000 14.130878
2.804000 14.102002
2.808000 14.090593
2.812000 14.105557
2.816000 14.105366
2.820000 14.104672
2.824000 14.102869
2.828000 14.087700
2.832000 14.072176
2.836000 14.074779
2.840000 14.082183
2.844000 14.108114
2.848000 14.117602
2.852000 14.105787
2.856000 14.112974
2.860000 14.131357
2.864000 14.162749
2.868000 14.158359
2.872000 14.154977
2.876000 14.165347
2.880000 14.167877
2.884000 14.174141
2.888000 14.193359
2.892000 14.186086
2.896000 14.143262
2.900000 14.130200
2.904000 14.162845
2.908000 14.174619
2.912000 14.158368
2.916000 14.157606
2.920000 14.132753
2.924000 14.123741
2.928000 14.122276
2.932000 14.128553
2.936000 14.152276
2.940000 14.161057
2.944000 14.134659
2.948000 14.140031
2.952000 14.144435
2.956000 14.119294
2.960000 14.102199
2.964000 14.142512
2.968000 14.173254
2.972000 14.153283
2.976000 14.101629
2.980000 14.084520
2.984000 14.099017
2.988000 14.110275
2.992000 14.123338
2.996000 14.132642
3.000000 14.142304
3.004000 14.114802
3.008000 14.103269
3.012000 14.102957
3.016000 14.118917
3.020000 14.151133
3.024000 14.135703
3.028000 14.121755
3.032000 14.108193
3.036000 14.105164
3.040000 14.104885
3.044000 14.110487
3.048000 14.123558
3.052000 14.114216
3.056000 14.105413
3.060000 14.114894
3.064000 14.115726
3.068000 14.111160
3.072000 14.112424
3.076000 14.102607
3.080000 14.124159
3.084000 14.095645
3.088000 14.069454
3.092000 14.080958
3.096000 14.087291
3.100000 14.083595
3.104000 14.092471
3.108000 14.100319
3.112000 14.101013
3.116000 14.089296
3.120000 14.127470
3.124000 14.121939
3.128000 14.113905
3.132000 14.111325
3.136000 14.101289
3.140000 14.103583
3.144000 14.108702
3.148000 14.083253
3.152000 14.082989
3.156000 14.164874
3.160000 14.198930
3.164000 14.193933
3.168000 14.163391
3.172000 14.152375
3.176000 14.158595
3.180000 14.137377
3.184000 14.154450
3.188000 14.160295
3.192000 14.151406
3.196000 14.166373
3.200000 14.174088
3.204000 14.170466
3.208000 14.125682
3.212000 14.133137
3.216000 14.171750
3.220000 14.206044
3.224000 14.229100
3.228000 14.213751
3.232000 14.198458
3.236000 14.196887
3.240000 14.197716
3.244000 14.168806
3.248000 14.152328
3.252000 14.129877
3.256000 14.154298
3.260000 14.180584
3.264000 14.169345
3.268000 14.157291
3.272000 14.151756
3.276000 14.169259
3.280000 14.178019
3.284000 14.165725
3.288000 14.152444
3.292000 14.171316
3.296000 14.180064
3.300000 14.173379
3.304000 14.140551
3.308000 14.124729
3.312000 14.158799
3.316000 14.197562
3.320000 14.184737
3.324000 14.140846
3.328000 14.142672
3.332000 14.167424
3.336000 14.212853
3.340000 14.248019
3.344000 14.258817
3.348000 14.252436
3.352000 14.220823
3.356000 14.176411
3.360000 14.181772
3.364000 14.205082
3.368000 14.193714
3.372000 14.161105
3.376000 14.159332
3.380000 14.183452
3.384000 14.194840
3.388000 14.190638
3.392000 14.186633
3.396000 14.193692
3.400000 14.204636
3.404000 14.205773
3.408000 14.194693
3.412000 14.158046
3.416000 14.149897
3.420000 14.155903
3.424000 14.154901
3.428000 14.152826
3.432000 14.165701
3.436000 14.187742
3.440000 14.195130
3.444000 14.171358
3.448000 14.178573
3.452000 14.174815
3.456000 14.141425
3.460000 14.120814
3.464000 14.109337
3.468000 14.121259
3.472000 14.140335
3.476000 14.173791
3.480000 14.188927
3.484000 14.154208
3.488000 14.135427
3.492000 14.149314
3.496000 14.181162
3.500000 14.189998
3.504000 14.183763
3.508000 14.165813
3.512000 14.167807
3.516000 14.172145
3.520000 14.180651
3.524000 14.200415
3.528000 14.234654
3.532000 14.223891
3.536000 14.197180
3.540000 14.177440
3.544000 14.138222
3.548000 14.163801
3.552000 14.207721
3.556000 14.240014
3.560000 14.228039
3.564000 14.202056
3.568000 14.209060
3.572000 14.197783
3.576000 14.162847
3.580000 14.139371
3.584000 14.148187
3.588000 14.143677
3.592000 14.141517
3.596000 14.132392
3.600000 14.138250
3.604000 14.174445
3.608000 14.197160
3.612000 14.192149
3.616000 14.166733
3.620000 14.165585
3.624000 14.165836
3.628000 14.177171
3.632000 14.194042
3.636000 14.190931
3.640000 14.163939
3.644000 14.140046
3.648000 14.171154
3.652000 14.179132
3.656000 14.177892
3.660000 14.177279
3.664000 14.218728
3.668000 14.245588
3.672000 14.212445
3.676000 14.185348
3.680000 14.202756
3.684000 14.203877
3.688000 14.187320
3.692000 14.179294
3.696000 14.194630
3.700000 14.218367
3.704000 14.209100
3.708000 14.223476
3.712000 14.218912
3.716000 14.179999
3.720000 14.188071
3.724000 14.202492
3.728000 14.213342
3.732000 14.245587
3.736000 14.237517
3.740000 14.190559
3.744000 14.172124
3.748000 14.218274
3.752000 14.264977
3.756000 14.264043
3.760000 14.208223
3.764000 14.155334
3.768000 14.149667
3.772000 14.171279
3.776000 14.190289
3.780000 14.204994
3.784000 14.194671
3.788000 14.215187
3.792000 14.238466
3.796000 14.217798
3.800000 14.213489
3.804000 14.236428
3.808000 14.226981
3.812000 14.206094
3.816000 14.184375
3.820000 14.220536
3.824000 14.261896
3.828000 14.255837
3.832000 14.229526
3.836000 14.212892
3.840000 14.201685
3.844000 14.208990
3.848000 14.214978
3.852000 14.226262
3.856000 14.209175
3.860000 14.226823
3.864000 14.236530
3.868000 14.235153
3.872000 14.230310
3.876000 14.205609
3.880000 14.208406
3.884000 14.246881
3.888000 14.231314
3.892000 14.221299
3.896000 14.220209
3.900000 14.209815
3.904000 14.237319
3.908000 14.233302
3.912000 14.231103
3.916000 14.207769
3.920000 14.186703
3.924000 14.212230
3.928000 14.214887
3.932000 14.201206
3.936000 14.195663
3.940000 14.187908
3.944000 14.204481
3.948000 14.217741
3.952000 14.225485
3.956000 14.210715
3.960000 14.219564
3.964000 14.238057
3.968000 14.232162
3.972000 14.217654
3.976000 14.200148
3.980000 14.178351
3.984000 14.168494
3.988000 14.177013
3.992000 14.208404
3.996000 14.221538
4.000000 14.201823
4.004000 14.208023
4.008000 14.207874
4.012000 14.212351
4.016000 14.232163
4.020000 14.229804
4.024000 14.228991
4.028000 14.249423
4.032000 14.245607
4.036000 14.253794
4.040000 14.240388
4.044000 14.230664
4.048000 14.230754
4.052000 14.225709
4.056000 14.222891
4.060000 14.240630
4.064000 14.244232
4.068000 14.229278
4.072000 14.220398
4.076000 14.235907
4.080000 14.245621
4.084000 14.214627
4.088000 14.197220
4.092000 14.212581
4.096000 14.233055
4.100000 14.224717
4.104000 14.220659
4.108000 14.233453
4.112000 14.214927
4.116000 14.225239
4.120000 14.227791
4.124000 14.234394
4.128000 14.216526
4.132000 14.223769
4.136000 14.258822
4.140000 14.255971
4.144000 14.237701
4.148000 14.215499
4.152000 14.193982
4.156000 14.232690
4.160000 14.236178
4.164000 14.210389
4.168000 14.213308
4.172000 14.214091
4.176000 14.218930
4.180000 14.248777
4.184000 14.230321
4.188000 14.208861
4.192000 14.178226
4.196000 14.168869
4.200000 14.215217
4.204000 14.266249
4.208000 14.271313
4.212000 14.260989
4.216000 14.235459
4.220000 14.220070
4.224000 14.218999
4.228000 14.229374
4.232000 14.246120
4.236000 14.261865
4.240000 14.262073
4.244000 14.232048
4.248000 14.237235
4.252000 14.238443
4.256000 14.213680
4.260000 14.190801
4.264000 14.191505
4.268000 14.197963
4.272000 14.204590
4.276000 14.207186
4.280000 14.218343
4.284000 14.225190
4.288000 14.200082
4.292000 14.181753
4.296000 14.185863
4.300000 14.188380
4.304000 14.210170
4.308000 14.206297
4.312000 14.186359
4.316000 14.201543
4.320000 14.230819
4.324000 14.244155
4.328000 14.230663
4.332000 14.214710
4.336000 14.236133
4.340000 14.239806
4.344000 14.224097
4.348000 14.217184
4.352000 14.234239
4.356000 14.234515
4.360000 14.234744
4.364000 14.245482
4.368000 14.235691
4.372000 14.233873
4.376000 14.228472
4.380000 14.224110
4.384000 14.219346
4.388000 14.226156
4.392000 14.201363
4.396000 14.192552
4.400000 14.201559
4.404000 14.223047
4.408000 14.219607
4.412000 14.227906
4.416000 14.229314
4.420000 14.209900
4.424000 14.206837
4.428000 14.222070
4.432000 14.240620
4.436000 14.221173
4.440000 14.209760
4.444000 14.195744
4.448000 14.212147
4.452000 14.242303
4.456000 14.244984
4.460000 14.241109
4.464000 14.227848
4.468000 14.224633
4.472000 14.237969
4.476000 14.253674
4.480000 14.268549
4.484000 14.239950
4.488000 14.191651
4.492000 14.164077
4.496000 14.180915
4.500000 14.198065
4.504000 14.193552
4.508000 14.208330
4.512000 14.193304
4.516000 14.199997
4.520000 14.203398
4.524000 14.191097
4.528000 14.198358
4.532000 14.205043
4.536000 14.229153
4.540000 14.259455
4.544000 14.246849
4.548000 14.240490
4.552000 14.238355
4.556000 14.224520
4.560000 14.234884
4.564000 14.244433
4.568000 14.252286
4.572000 14.244634
4.576000 14.238938
4.580000 14.231400
4.584000 14.245013
4.588000 14.257605
4.592000 14.238150
4.596000 14.226746
4.600000 14.231153
4.604000 14.239380
4.608000 14.233365
4.612000 14.249402
4.616000 14.280245
4.620000 14.281309
4.624000 14.283380
4.628000 14.286290
4.632000 14.262743
4.636000 14.250071
4.640000 14.241720
4.644000 14.245507
4.648000 14.249591
4.652000 14.245409
4.656000 14.246547
4.660000 14.234876
4.664000 14.226765
4.668000 14.250511
4.672000 14.256685
4.676000 14.247331
4.680000 14.257262
4.684000 14.244202
4.688000 14.245311
4.692000 14.263321
4.696000 14.254730
4.700000 14.247666
4.704000 14.261776
4.708000 14.252705
4.712000 14.257715
4.716000 14.262125
4.720000 14.263111
4.724000 14.248735
4.728000 14.238401
4.732000 14.234383
4.736000 14.244786
4.740000 14.256946
4.744000 14.264877
4.748000 14.268380
4.752000 14.270021
4.756000 14.262434
4.760000 14.278544
4.764000 14.284589
4.768000 14.271826
4.772000 14.247422
4.776000 14.253710
4.780000 14.271363
4.784000 14.259588
4.788000 14.250483
4.792000 14.236531
4.796000 14.255050
4.800000 14.276936
4.804000 14.276630
4.808000 14.262993
4.812000 14.270315
4.816000 14.288789
4.820000 14.289913
4.824000 14.262066
4.828000 14.253885
4.832000 14.238989
4.836000 14.235207
4.840000 14.239994
4.844000 14.239462
4.848000 14.239335
4.852000 14.232177
4.856000 14.226951
4.860000 14.270736
4.864000 14.293294
4.868000 14.301225
4.872000 14.276401
4.876000 14.232977
4.880000 14.225590
4.884000 14.266004
4.888000 14.276040
4.892000 14.262636
4.896000 14.244770
4.900000 14.260681
4.904000 14.275027
4.908000 14.270614
4.912000 14.260099
4.916000 14.252276
4.920000 14.266856
4.924000 14.280814
4.928000 14.292977
4.932000 14.281237
4.936000 14.261576
4.940000 14.260425
4.944000 14.254589
4.948000 14.244524
4.952000 14.244386
4.956000 14.265234
4.960000 14.271057
4.964000 14.255154
4.968000 14.252170
4.972000 14.249810
4.976000 14.256256
4.980000 14.279973
4.984000 14.274320
4.988000 14.257202
4.992000 14.244429
4.996000 14.252949
