0.012000 -64.774048
0.016000 -37.492203
0.020000 -22.791624
0.024000 -13.868492
0.028000 -7.797633
0.032000 -3.460276
0.036000 -0.142374
0.040000 2.296966
0.044000 4.291894
0.048000 5.932077
0.052000 7.282112
0.056000 8.383486
0.060000 9.288425
0.064000 10.014401
0.068000 10.686085
0.072000 11.255657
0.076000 11.684237
0.080000 12.030846
0.084000 12.139427
0.088000 12.400028
0.092000 12.751484
0.096000 12.981097
0.100000 13.285024
0.104000 13.661387
0.108000 13.947746
0.112000 14.034387
0.116000 14.081092
0.120000 14.135497
0.124000 14.166854
0.128000 14.272189
0.132000 14.482079
0.136000 14.631372
0.140000 14.703544
0.144000 14.691355
0.148000 14.592553
0.152000 14.599530
0.156000 14.762555
0.160000 14.886778
0.164000 14.893563
0.168000 14.961959
0.172000 15.102229
0.176000 15.123425
0.180000 15.154933
0.184000 15.252592
0.188000 15.299841
0.192000 15.390238
0.196000 15.548471
0.200000 15.533950
0.204000 15.470113
0.208000 15.398167
0.212000 15.469405
0.216000 15.516380
0.220000 15.528995
0.224000 15.539393
0.228000 15.524953
0.232000 15.569437
0.236000 15.655112
0.240000 15.731878
0.244000 15.690737
0.248000 15.702706
0.252000 15.662791
0.256000 15.687939
0.260000 15.857733
0.264000 15.988178
0.268000 16.010822
0.272000 16.042674
0.276000 16.119730
0.280000 16.221665
0.284000 16.250144
0.288000 16.255645
0.292000 16.193213
0.296000 16.109869
0.300000 16.053999
0.304000 16.076964
0.308000 16.072098
0.312000 16.040854
0.316000 16.108519
0.320000 16.148034
0.324000 16.139370
0.328000 16.143259
0.332000 16.170654
0.336000 16.253201
0.340000 16.309947
0.344000 16.322342
0.348000 16.265164
0.352000 16.131261
0.356000 15.947935
0.360000 15.926985
0.364000 15.962019
0.368000 16.059798
0.372000 16.154673
0.376000 16.192267
0.380000 16.103032
0.384000 16.185626
0.388000 16.252621
0.392000 16.296732
0.396000 16.348697
0.400000 16.386413
0.404000 16.411944
0.408000 16.409659
0.412000 16.376846
0.416000 16.414907
0.420000 16.428030
0.424000 16.454487
0.428000 16.438309
0.432000 16.358344
0.436000 16.276739
0.440000 16.476859
0.444000 16.527030
0.448000 16.555952
0.452000 16.452447
0.456000 16.407301
0.460000 16.464714
0.464000 16.518670
0.468000 16.573982
0.472000 16.701932
0.476000 16.789354
0.480000 16.689605
0.484000 16.554930
0.488000 16.512828
0.492000 16.496023
0.496000 16.651182
0.500000 16.755077
0.504000 16.728871
0.508000 16.806164
0.512000 16.761460
0.516000 16.692060
0.520000 16.764806
0.524000 16.889818
0.528000 16.957690
0.532000 16.947927
0.536000 16.949526
0.540000 16.898787
0.544000 16.814512
0.548000 16.928280
0.552000 16.996453
0.556000 17.103283
0.560000 17.103259
0.564000 17.094300
0.568000 17.010268
0.572000 16.917366
0.576000 16.918466
0.580000 16.973026
0.584000 16.915078
0.588000 16.827715
0.592000 16.835528
0.596000 16.817479
0.600000 16.857823
0.604000 16.894711
0.608000 16.853719
0.612000 16.856355
0.616000 16.887264
0.620000 16.972601
0.624000 17.024870
0.628000 17.069578
0.632000 17.043259
0.636000 17.061992
0.640000 17.008072
0.644000 16.982846
0.648000 17.072663
0.652000 17.018809
0.656000 16.991361
0.660000 17.030443
0.664000 17.080717
0.668000 17.098730
0.672000 17.061677
0.676000 17.083880
0.680000 17.076318
0.684000 17.089459
0.688000 17.214015
0.692000 17.276992
0.696000 17.236810
0.700000 17.155348
0.704000 17.101257
0.708000 17.054707
0.712000 17.072585
0.716000 17.130184
0.720000 17.072201
0.724000 17.005242
0.728000 16.955227
0.732000 17.038116
0.736000 17.191794
0.740000 17.282668
0.744000 17.298479
0.748000 17.257241
0.752000 17.250205
0.756000 17.316689
0.760000 17.341099
0.764000 17.381787
0.768000 17.385997
0.772000 17.426691
0.776000 17.451712
0.780000 17.402592
0.784000 17.356588
0.788000 17.321797
0.792000 17.287177
0.796000 17.344775
0.800000 17.364916
0.804000 17.447250
0.808000 17.541888
0.812000 17.572302
0.816000 17.482858
0.820000 17.482950
0.824000 17.429023
0.828000 17.372481
0.832000 17.308859
0.836000 17.255839
0.840000 17.217362
0.844000 17.304399
0.848000 17.452888
0.852000 17.455276
0.856000 17.380377
0.860000 17.381392
0.864000 17.422543
0.868000 17.430792
0.872000 17.476900
0.876000 17.646619
0.880000 17.725047
0.884000 17.571035
0.888000 17.576234
0.892000 17.598157
0.896000 17.533801
0.900000 17.598137
0.904000 17.582646
0.908000 17.530888
0.912000 17.558504
0.916000 17.566774
0.920000 17.584531
0.924000 17.598379
0.928000 17.589883
0.932000 17.589404
0.936000 17.554315
0.940000 17.525412
0.944000 17.583650
0.948000 17.644630
0.952000 17.605155
0.956000 17.644115
0.960000 17.653013
0.964000 17.669248
0.968000 17.705189
0.972000 17.761981
0.976000 17.868976
0.980000 17.884217
0.984000 17.800089
0.988000 17.690027
0.992000 17.705116
0.996000 17.752625
1.000000 17.791263
1.004000 17.765414
1.008000 17.730847
1.012000 17.731217
1.016000 17.778555
1.020000 17.840449
1.024000 17.915326
1.028000 17.964097
1.032000 17.958313
1.036000 17.897077
1.040000 17.876623
1.044000 17.939423
1.048000 18.126655
1.052000 18.114944
1.056000 18.002391
1.060000 17.954710
1.064000 17.934194
1.068000 17.923497
1.072000 17.880030
1.076000 17.903124
1.080000 17.859505
1.084000 17.855485
1.088000 17.850510
1.092000 17.878465
1.096000 17.847997
1.100000 17.855595
1.104000 17.889345
1.108000 17.895767
1.112000 17.885424
1.116000 17.896496
1.120000 17.893575
1.124000 17.912269
1.128000 17.931375
1.132000 17.987821
1.136000 18.041430
1.140000 18.132953
1.144000 18.102027
1.148000 18.037965
1.152000 17.973843
1.156000 17.888627
1.160000 17.894540
1.164000 17.885144
1.168000 17.854572
1.172000 17.888387
1.176000 17.953917
1.180000 17.900273
1.184000 17.900613
1.188000 17.982271
1.192000 18.044075
1.196000 18.052279
1.200000 18.053732
1.204000 18.014354
1.208000 17.963635
1.212000 17.956156
1.216000 17.975662
1.220000 18.023766
1.224000 18.025625
1.228000 18.044538
1.232000 18.039900
1.236000 18.084135
1.240000 18.072196
1.244000 17.998307
1.248000 17.992770
1.252000 17.996566
1.256000 17.999783
1.260000 18.072510
1.264000 18.118426
1.268000 18.097074
1.272000 18.088284
1.276000 18.183654
1.280000 18.290948
1.284000 18.258300
1.288000 18.164433
1.292000 18.157192
1.296000 18.176093
1.300000 18.170747
1.304000 18.221389
1.308000 18.225586
1.312000 18.259558
1.316000 18.300333
1.320000 18.314731
1.324000 18.347673
1.328000 18.263997
1.332000 18.275824
1.336000 18.318683
1.340000 18.330548
1.344000 18.270329
1.348000 18.218906
1.352000 18.213173
1.356000 18.197270
1.360000 18.198672
1.364000 18.205412
1.368000 18.256772
1.372000 18.344267
1.376000 18.308175
1.380000 18.288857
1.384000 18.284270
1.388000 18.374701
1.392000 18.427290
1.396000 18.296102
1.400000 18.262167
1.404000 18.294684
1.408000 18.323275
1.412000 18.285645
1.416000 18.289135
1.420000 18.298399
1.424000 18.393388
1.428000 18.424370
1.432000 18.360080
1.436000 18.322733
1.440000 18.257260
1.444000 18.274252
1.448000 18.342061
1.452000 18.367863
1.456000 18.348642
1.460000 18.408840
1.464000 18.473439
1.468000 18.515381
1.472000 18.510593
1.476000 18.490654
1.480000 18.523324
1.484000 18.535817
1.488000 18.483477
1.492000 18.443384
1.496000 18.513837
1.500000 18.511385
1.504000 18.450007
1.508000 18.394841
1.512000 18.418794
1.516000 18.463209
1.520000 18.479497
1.524000 18.442688
1.528000 18.431964
1.532000 18.419807
1.536000 18.522828
1.540000 18.552364
1.544000 18.566669
1.548000 18.491082
1.552000 18.385718
1.556000 18.361141
1.560000 18.350154
1.564000 18.370450
1.568000 18.340032
1.572000 18.365182
1.576000 18.370965
1.580000 18.351083
1.584000 18.445657
1.588000 18.585074
1.592000 18.604019
1.596000 18.549993
1.600000 18.479227
1.604000 18.456097
1.608000 18.537775
1.612000 18.546615
1.616000 18.561952
1.620000 18.593005
1.624000 18.615023
1.628000 18.582259
1.632000 18.512050
1.636000 18.528161
1.640000 18.532225
1.644000 18.506020
1.648000 18.532235
1.652000 18.587824
1.656000 18.603758
1.660000 18.592651
1.664000 18.582151
1.668000 18.526348
1.672000 18.418824
1.676000 18.433989
1.680000 18.541383
1.684000 18.563864
1.688000 18.585232
1.692000 18.573601
1.696000 18.567032
1.700000 18.548310
1.704000 18.501217
1.708000 18.463978
1.712000 18.485227
1.716000 18.545427
1.720000 18.538560
1.724000 18.536217
1.728000 18.491248
1.732000 18.429428
1.736000 18.433278
1.740000 18.463505
1.744000 18.465426
1.748000 18.478163
1.752000 18.486742
1.756000 18.547393
1.760000 18.533411
1.764000 18.547725
1.768000 18.616302
1.772000 18.632268
1.776000 18.636111
1.780000 18.631752
1.784000 18.568114
1.788000 18.474179
1.792000 18.465321
1.796000 18.522001
1.800000 18.540515
1.804000 18.533943
1.808000 18.542410
1.812000 18.528154
1.816000 18.521571
1.820000 18.555025
1.824000 18.507688
1.828000 18.485531
1.832000 18.473250
1.836000 18.451146
1.840000 18.453666
1.844000 18.433448
1.848000 18.449030
1.852000 18.428194
1.856000 18.377613
1.860000 18.438101
1.864000 18.460147
1.868000 18.519053
1.872000 18.523932
1.876000 18.471033
1.880000 18.462202
1.884000 18.510026
1.888000 18.564125
1.892000 18.655707
1.896000 18.655975
1.900000 18.614726
1.904000 18.565923
1.908000 18.485586
1.912000 18.516757
1.916000 18.577755
1.920000 18.597127
1.924000 18.609631
1.928000 18.612705
1.932000 18.622138
1.936000 18.580276
1.940000 18.571282
1.944000 18.553087
1.948000 18.514751
1.952000 18.550494
1.956000 18.603232
1.960000 18.585602
1.964000 18.553966
1.968000 18.541275
1.972000 18.552168
1.976000 18.627880
1.980000 18.702776
1.984000 18.761463
1.988000 18.744030
1.992000 18.735687
1.996000 18.756954
2.000000 18.772823
2.004000 18.781537
2.008000 18.748103
2.012000 18.661759
2.016000 18.583534
2.020000 18.532946
2.024000 18.583784
2.028000 18.715263
2.032000 18.714816
2.036000 18.668178
2.040000 18.666038
2.044000 18.673066
2.048000 18.673519
2.052000 18.647708
2.056000 18.724609
2.060000 18.753690
2.064000 18.710002
2.068000 18.724205
2.072000 18.769301
2.076000 18.825661
2.080000 18.800534
2.084000 18.711942
2.088000 18.697375
2.092000 18.698912
2.096000 18.696750
2.100000 18.713817
2.104000 18.746731
2.108000 18.817010
2.112000 18.892906
2.116000 18.870946
2.120000 18.872728
2.124000 18.890170
2.128000 18.839004
2.132000 18.797842
2.136000 18.838095
2.140000 18.920117
2.144000 19.029928
2.148000 19.009222
2.152000 18.918333
2.156000 18.860854
2.160000 18.810976
2.164000 18.804156
2.168000 18.825294
2.172000 18.822327
2.176000 18.869445
2.180000 18.958148
2.184000 18.952403
2.188000 18.873949
2.192000 18.872964
2.196000 18.900830
2.200000 18.955062
2.204000 18.886041
2.208000 18.817754
2.212000 18.805719
2.216000 18.859540
2.220000 18.872313
2.224000 18.838331
2.228000 18.794053
2.232000 18.748652
2.236000 18.803311
2.240000 18.871286
2.244000 18.939756
2.248000 18.945624
2.252000 18.957235
2.256000 18.930275
2.260000 18.921986
2.264000 18.922503
2.268000 18.864445
2.272000 18.944673
2.276000 18.959597
2.280000 18.948879
2.284000 18.969987
2.288000 18.992853
2.292000 19.011693
2.296000 19.061580
2.300000 19.099538
2.304000 19.079120
2.308000 19.021612
2.312000 18.997155
2.316000 19.071157
2.320000 19.151652
2.324000 19.150083
2.328000 19.146088
2.332000 19.044001
2.336000 18.962196
2.340000 18.904025
2.344000 18.830745
2.348000 18.851718
2.352000 18.951274
2.356000 19.022366
2.360000 19.074656
2.364000 19.127348
2.368000 19.150861
2.372000 19.126025
2.376000 19.034400
2.380000 18.994343
2.384000 19.027331
2.388000 19.064502
2.392000 19.063913
2.396000 19.074907
2.400000 19.092779
2.404000 19.115261
2.408000 19.124060
2.412000 19.118646
2.416000 19.106737
2.420000 19.096240
2.424000 19.089692
2.428000 19.075972
2.432000 19.011506
2.436000 19.037306
2.440000 19.092795
2.444000 19.129630
2.448000 19.144831
2.452000 19.109629
2.456000 19.065891
2.460000 19.094964
2.464000 19.081574
2.468000 19.086871
2.472000 19.118666
2.476000 19.112917
2.480000 19.100790
2.484000 19.039096
2.488000 19.022151
2.492000 19.055267
2.496000 19.080518
2.500000 19.079797
2.504000 19.019130
2.508000 19.008590
2.512000 19.047204
2.516000 19.053400
2.520000 19.050227
2.524000 19.033966
2.528000 18.997024
2.532000 18.978553
2.536000 18.978850
2.540000 19.036489
2.544000 19.094994
2.548000 19.086291
2.552000 19.090412
2.556000 19.116434
2.560000 19.123408
2.564000 19.112980
2.568000 19.088186
2.572000 19.128289
2.576000 19.155592
2.580000 19.171904
2.584000 19.226869
2.588000 19.235606
2.592000 19.188082
2.596000 19.159902
2.600000 19.133510
2.604000 19.085234
2.608000 19.092590
2.612000 19.152782
2.616000 19.211584
2.620000 19.263982
2.624000 19.286728
2.628000 19.283572
2.632000 19.283493
2.636000 19.267176
2.640000 19.230489
2.644000 19.223584
2.648000 19.204561
2.652000 19.165066
2.656000 19.124198
2.660000 19.160759
2.664000 19.200880
2.668000 19.196701
2.672000 19.229738
2.676000 19.226255
2.680000 19.220256
2.684000 19.216576
2.688000 19.222620
2.692000 19.287556
2.696000 19.287892
2.700000 19.297281
2.704000 19.283394
2.708000 19.268927
2.712000 19.247747
2.716000 19.276655
2.720000 19.296843
2.724000 19.318709
2.728000 19.276880
2.732000 19.225604
2.736000 19.216485
2.740000 19.199747
2.744000 19.219086
2.748000 19.250560
2.752000 19.221083
2.756000 19.230878
2.760000 19.272111
2.764000 19.317539
2.768000 19.373589
2.772000 19.325640
2.776000 19.303980
2.780000 19.321811
2.784000 19.327094
2.788000 19.291278
2.792000 19.300058
2.796000 19.355672
2.800000 19.376652
2.804000 19.409621
2.808000 19.409894
2.812000 19.381564
2.816000 19.328898
2.820000 19.239378
2.824000 19.190799
2.828000 19.225630
2.832000 19.299644
2.836000 19.287372
2.840000 19.232493
2.844000 19.231512
2.848000 19.233525
2.852000 19.246246
2.856000 19.250135
2.860000 19.284348
2.864000 19.294877
2.868000 19.260376
2.872000 19.234971
2.876000 19.218367
2.880000 19.186132
2.884000 19.223351
2.888000 19.231791
2.892000 19.231913
2.896000 19.255070
2.900000 19.291937
2.904000 19.285232
2.908000 19.243573
2.912000 19.285775
2.916000 19.289384
2.920000 19.323973
2.924000 19.380283
2.928000 19.362819
2.932000 19.382390
2.936000 19.366231
2.940000 19.336649
2.944000 19.337651
2.948000 19.391881
2.952000 19.411843
2.956000 19.445272
2.960000 19.460562
2.964000 19.464768
2.968000 19.487939
2.972000 19.489093
2.976000 19.470425
2.980000 19.450389
2.984000 19.430322
2.988000 19.395079
2.992000 19.429894
2.996000 19.480867
3.000000 19.435671
3.004000 19.385656
3.008000 19.431154
3.012000 19.430069
3.016000 19.431206
3.020000 19.428141
3.024000 19.436118
3.028000 19.414846
3.032000 19.409351
3.036000 19.415174
3.040000 19.449626
3.044000 19.455080
3.048000 19.427666
3.052000 19.503165
3.056000 19.511676
3.060000 19.515758
3.064000 19.517712
3.068000 19.518516
3.072000 19.483626
3.076000 19.456429
3.080000 19.454770
3.084000 19.449622
3.088000 19.421669
3.092000 19.397066
3.096000 19.383948
3.100000 19.404348
3.104000 19.400409
3.108000 19.375656
3.112000 19.384687
3.116000 19.441215
3.120000 19.463876
3.124000 19.517438
3.128000 19.521067
3.132000 19.477032
3.136000 19.465654
3.140000 19.464434
3.144000 19.502238
3.148000 19.521481
3.152000 19.491334
3.156000 19.497368
3.160000 19.472278
3.164000 19.446910
3.168000 19.441587
3.172000 19.434986
3.176000 19.430673
3.180000 19.437240
3.184000 19.436095
3.188000 19.454837
3.192000 19.486378
3.196000 19.527400
3.200000 19.583416
3.204000 19.543225
3.208000 19.546690
3.212000 19.557975
3.216000 19.542018
3.220000 19.503729
3.224000 19.505583
3.228000 19.526243
3.232000 19.487440
3.236000 19.443637
3.240000 19.462821
3.244000 19.506415
3.248000 19.500548
3.252000 19.470482
3.256000 19.462606
3.260000 19.478503
3.264000 19.488960
3.268000 19.482932
3.272000 19.530684
3.276000 19.529380
3.280000 19.465394
3.284000 19.469202
3.288000 19.527681
3.292000 19.542672
3.296000 19.578661
3.300000 19.569832
3.304000 19.533759
3.308000 19.510807
3.312000 19.519523
3.316000 19.560139
3.320000 19.514065
3.324000 19.485460
3.328000 19.480476
3.332000 19.494354
3.336000 19.539242
3.340000 19.556708
3.344000 19.568067
3.348000 19.553627
3.352000 19.487449
3.356000 19.457020
3.360000 19.479327
3.364000 19.497268
3.368000 19.523099
3.372000 19.575008
3.376000 19.631516
3.380000 19.650122
3.384000 19.621565
3.388000 19.562876
3.392000 19.539911
3.396000 19.533489
3.400000 19.551932
3.404000 19.574110
3.408000 19.578599
3.412000 19.599139
3.416000 19.625033
3.420000 19.603091
3.424000 19.545902
3.428000 19.476576
3.432000 19.438234
3.436000 19.485369
3.440000 19.515187
3.444000 19.587540
3.448000 19.573553
3.452000 19.533372
3.456000 19.512707
3.460000 19.489787
3.464000 19.544898
3.468000 19.591736
3.472000 19.640233
3.476000 19.650132
3.480000 19.599453
3.484000 19.554175
3.488000 19.528891
3.492000 19.536697
3.496000 19.541168
3.500000 19.567001
3.504000 19.593196
3.508000 19.598356
3.512000 19.585660
3.516000 19.564827
3.520000 19.525002
3.524000 19.527068
3.528000 19.560758
3.532000 19.584365
3.536000 19.563005
3.540000 19.591375
3.544000 19.605978
3.548000 19.592103
3.552000 19.554844
3.556000 19.539699
3.560000 19.502402
3.564000 19.470048
3.568000 19.485679
3.572000 19.433247
3.576000 19.464406
3.580000 19.497238
3.584000 19.485467
3.588000 19.473928
3.592000 19.512275
3.596000 19.525463
3.600000 19.513180
3.604000 19.497615
3.608000 19.479143
3.612000 19.499944
3.616000 19.517107
3.620000 19.529618
3.624000 19.492322
3.628000 19.427532
3.632000 19.426380
3.636000 19.461691
3.640000 19.525033
3.644000 19.604280
3.648000 19.587105
3.652000 19.579756
3.656000 19.588805
3.660000 19.595525
3.664000 19.625889
3.668000 19.635104
3.672000 19.654575
3.676000 19.631343
3.680000 19.585704
3.684000 19.557911
3.688000 19.576418
3.692000 19.617490
3.696000 19.622106
3.700000 19.612293
3.704000 19.641484
3.708000 19.671416
3.712000 19.682653
3.716000 19.700729
3.720000 19.714147
3.724000 19.690072
3.728000 19.647439
3.732000 19.663923
3.736000 19.679845
3.740000 19.649538
3.744000 19.631881
3.748000 19.640815
3.752000 19.647881
3.756000 19.668330
3.760000 19.666767
3.764000 19.679125
3.768000 19.648860
3.772000 19.643819
3.776000 19.646198
3.780000 19.641502
3.784000 19.623637
3.788000 19.583865
3.792000 19.584833
3.796000 19.615655
3.800000 19.661621
3.804000 19.696991
3.808000 19.702026
3.812000 19.699165
3.816000 19.693341
3.820000 19.659987
3.824000 19.655878
3.828000 19.684072
3.832000 19.682598
3.836000 19.701264
3.840000 19.728410
3.844000 19.673128
3.848000 19.632844
3.852000 19.640309
3.856000 19.662074
3.860000 19.694124
3.864000 19.679353
3.868000 19.651553
3.872000 19.658795
3.876000 19.651524
3.880000 19.677935
3.884000 19.689091
3.888000 19.718359
3.892000 19.729244
3.896000 19.727765
3.900000 19.712563
3.904000 19.715833
3.908000 19.733136
3.912000 19.700660
3.916000 19.725732
3.920000 19.813181
3.924000 19.831134
3.928000 19.816189
3.932000 19.772509
3.936000 19.770660
3.940000 19.735265
3.944000 19.718168
3.948000 19.717029
3.952000 19.714324
3.956000 19.716139
3.960000 19.696706
3.964000 19.717238
3.968000 19.718497
3.972000 19.730550
3.976000 19.739638
3.980000 19.699888
3.984000 19.690853
3.988000 19.757410
3.992000 19.746148
3.996000 19.708690
4.000000 19.710574
4.004000 19.718225
4.008000 19.707057
4.012000 19.642450
4.016000 19.611338
4.020000 19.642270
4.024000 19.702002
4.028000 19.696448
4.032000 19.694788
4.036000 19.665705
4.040000 19.661600
4.044000 19.658525
4.048000 19.653162
4.052000 19.694022
4.056000 19.698747
4.060000 19.646055
4.064000 19.625257
4.068000 19.624424
4.072000 19.668513
4.076000 19.701472
4.080000 19.713915
4.084000 19.715573
4.088000 19.718536
4.092000 19.695281
4.096000 19.680467
4.100000 19.682860
4.104000 19.718310
4.108000 19.760720
4.112000 19.745844
4.116000 19.745419
4.120000 19.757862
4.124000 19.723697
4.128000 19.721332
4.132000 19.777873
4.136000 19.790585
4.140000 19.822788
4.144000 19.820318
4.148000 19.825092
4.152000 19.817745
4.156000 19.793399
4.160000 19.783913
4.164000 19.773694
4.168000 19.769263
4.172000 19.757672
4.176000 19.742634
4.180000 19.723668
4.184000 19.702390
4.188000 19.693708
4.192000 19.671700
4.196000 19.666573
4.200000 19.700887
4.204000 19.710577
4.208000 19.717041
4.212000 19.746698
4.216000 19.792670
4.220000 19.769524
4.224000 19.722512
4.228000 19.713336
4.232000 19.718068
4.236000 19.708046
4.240000 19.688622
4.244000 19.689141
4.248000 19.745154
4.252000 19.797966
4.256000 19.805262
4.260000 19.809214
4.264000 19.797531
4.268000 19.757082
4.272000 19.740011
4.276000 19.784146
4.280000 19.807522
4.284000 19.786509
4.288000 19.785078
4.292000 19.798315
4.296000 19.767107
4.300000 19.748534
4.304000 19.729914
4.308000 19.706262
4.312000 19.741216
4.316000 19.747343
4.320000 19.732841
4.324000 19.740039
4.328000 19.769160
4.332000 19.833145
4.336000 19.836298
4.340000 19.782074
4.344000 19.746337
4.348000 19.720024
4.352000 19.667470
4.356000 19.688543
4.360000 19.689439
4.364000 19.701515
4.368000 19.740082
4.372000 19.760174
4.376000 19.778515
4.380000 19.788563
4.384000 19.756674
4.388000 19.757259
4.392000 19.796497
4.396000 19.828108
4.400000 19.807932
4.404000 19.785312
4.408000 19.792502
4.412000 19.775093
4.416000 19.742387
4.420000 19.733589
4.424000 19.740617
4.428000 19.718915
4.432000 19.703198
4.436000 19.691023
4.440000 19.687564
4.444000 19.669035
4.448000 19.723560
4.452000 19.791610
4.456000 19.802766
4.460000 19.783408
4.464000 19.790193
4.468000 19.799250
4.472000 19.787567
4.476000 19.768638
4.480000 19.758641
4.484000 19.746203
4.488000 19.747275
4.492000 19.756934
4.496000 19.769547
4.500000 19.759159
4.504000 19.752940
4.508000 19.773745
4.512000 19.767133
4.516000 19.749223
4.520000 19.766023
4.524000 19.822797
4.528000 19.836316
4.532000 19.827437
4.536000 19.822903
4.540000 19.825436
4.544000 19.837363
4.548000 19.851488
4.552000 19.854218
4.556000 19.877678
4.560000 19.876725
4.564000 19.868249
4.568000 19.861016
4.572000 19.854550
4.576000 19.857325
4.580000 19.873636
4.584000 19.897347
4.588000 19.935597
4.592000 19.951609
4.596000 19.943036
4.600000 19.909187
4.604000 19.878893
4.608000 19.887688
4.612000 19.880693
4.616000 19.853243
4.620000 19.855031
4.624000 19.892175
4.628000 19.882596
4.632000 19.893713
4.636000 19.874541
4.640000 19.860407
4.644000 19.848961
4.648000 19.826862
4.652000 19.830543
4.656000 19.831526
4.660000 19.809351
4.664000 19.814360
4.668000 19.846257
4.672000 19.868252
4.676000 19.866667
4.680000 19.888444
4.684000 19.901371
4.688000 19.903103
4.692000 19.893885
4.696000 19.918849
4.700000 19.926986
4.704000 19.920479
4.708000 19.922255
4.712000 19.923916
4.716000 19.915565
4.720000 19.903023
4.724000 19.907537
4.728000 19.927555
4.732000 19.945301
4.736000 19.968228
4.740000 19.975232
4.744000 19.963712
4.748000 19.974232
4.752000 19.969148
4.756000 19.970773
4.760000 19.965406
4.764000 19.955562
4.768000 19.933102
4.772000 19.933967
4.776000 19.949380
4.780000 19.939180
4.784000 19.945500
4.788000 19.940995
4.792000 19.934453
4.796000 19.917221
4.800000 19.893844
4.804000 19.883218
4.808000 19.873976
4.812000 19.848582
4.816000 19.835043
4.820000 19.841747
4.824000 19.853467
4.828000 19.885769
4.832000 19.870927
4.836000 19.844941
4.840000 19.853392
4.844000 19.906197
4.848000 19.958924
4.852000 19.976002
4.856000 19.985155
4.860000 19.990466
4.864000 19.975640
4.868000 19.953754
4.872000 19.953875
4.876000 19.940039
4.880000 19.953194
4.884000 19.970773
4.888000 19.981347
4.892000 19.984715
4.896000 19.961927
4.900000 19.948181
4.904000 19.937193
4.908000 19.928165
4.912000 19.924542
4.916000 19.926320
4.920000 19.938165
4.924000 19.958734
4.928000 19.963224
4.932000 19.973019
4.936000 19.964300
4.940000 19.955744
4.944000 19.942034
4.948000 19.932154
4.952000 19.899053
4.956000 19.881755
4.960000 19.889279
4.964000 19.937359
4.968000 19.963712
4.972000 19.961918
4.976000 19.983307
4.980000 20.014492
4.984000 20.004933
4.988000 19.984607
4.992000 19.948070
4.996000 19.938184
