0.012000 -65.672630
0.016000 -38.180466
0.020000 -22.687605
0.024000 -12.958673
0.028000 -6.478423
0.032000 -1.901809
0.036000 1.683173
0.040000 4.278272
0.044000 6.260026
0.048000 7.864100
0.052000 9.158604
0.056000 10.277474
0.060000 11.238854
0.064000 12.098668
0.068000 12.835222
0.072000 13.516293
0.076000 14.029458
0.080000 14.462089
0.084000 14.789873
0.088000 15.134957
0.092000 15.490444
0.096000 15.817597
0.100000 16.127768
0.104000 16.313528
0.108000 16.483193
0.112000 16.767184
0.116000 17.000650
0.120000 17.131059
0.124000 17.220462
0.128000 17.370938
0.132000 17.488374
0.136000 17.529285
0.140000 17.680290
0.144000 17.862451
0.148000 18.017053
0.152000 18.088246
0.156000 18.128573
0.160000 18.188068
0.164000 18.270549
0.168000 18.315325
0.172000 18.342680
0.176000 18.517195
0.180000 18.591921
0.184000 18.622248
0.188000 18.627671
0.192000 18.663329
0.196000 18.808408
0.200000 18.844305
0.204000 18.850476
0.208000 18.891824
0.212000 19.053322
0.216000 19.033426
0.220000 18.989624
0.224000 18.994016
0.228000 18.989535
0.232000 19.092085
0.236000 19.113905
0.240000 19.157794
0.244000 19.290009
0.248000 19.276922
0.252000 19.302986
0.256000 19.323962
0.260000 19.340699
0.264000 19.430664
0.268000 19.431999
0.272000 19.429689
0.276000 19.459274
0.280000 19.502924
0.284000 19.474641
0.288000 19.476030
0.292000 19.470723
0.296000 19.559309
0.300000 19.554785
0.304000 19.621840
0.308000 19.610393
0.312000 19.641365
0.316000 19.677315
0.320000 19.783473
0.324000 19.863729
0.328000 19.922142
0.332000 19.958204
0.336000 19.956052
0.340000 19.885647
0.344000 19.813482
0.348000 19.846280
0.352000 19.823262
0.356000 19.865147
0.360000 19.865548
0.364000 19.898406
0.368000 19.993602
0.372000 19.951788
0.376000 19.935218
0.380000 20.011365
0.384000 19.971912
0.388000 19.941941
0.392000 19.939124
0.396000 19.952010
0.400000 19.916390
0.404000 19.960285
0.408000 19.916612
0.412000 19.905977
0.416000 19.915602
0.420000 19.847330
0.424000 19.731597
0.428000 19.753301
0.432000 19.864552
0.436000 19.882599
0.440000 19.862798
0.444000 19.927746
0.448000 19.945022
0.452000 19.891122
0.456000 19.841531
0.460000 19.821708
0.464000 19.852656
0.468000 19.896874
0.472000 19.776857
0.476000 19.744642
0.480000 19.762931
0.484000 19.809507
0.488000 19.906906
0.492000 19.989923
0.496000 19.996066
0.500000 20.026508
0.504000 19.933998
0.508000 19.809119
0.512000 19.792927
0.516000 19.880834
0.520000 20.038183
0.524000 20.135676
0.528000 20.175762
0.532000 20.171763
0.536000 20.168823
0.540000 20.163530
0.544000 20.138112
0.548000 20.096662
0.552000 19.895091
0.556000 19.867877
0.560000 19.957362
0.564000 20.049633
0.568000 20.137941
0.572000 20.212589
0.576000 20.143725
0.580000 20.109438
0.584000 20.180168
0.588000 20.242824
0.592000 20.259167
0.596000 20.267182
0.600000 20.246775
0.604000 20.317823
0.608000 20.361703
0.612000 20.345390
0.616000 20.408905
0.620000 20.496225
0.624000 20.558049
0.628000 20.490783
0.632000 20.469984
0.636000 20.482888
0.640000 20.462777
0.644000 20.455266
0.648000 20.412406
0.652000 20.362682
0.656000 20.295536
0.660000 20.263942
0.664000 20.323641
0.668000 20.268659
0.672000 20.228221
0.676000 20.263215
0.680000 20.345518
0.684000 20.332178
0.688000 20.287041
0.692000 20.339775
0.696000 20.394024
0.700000 20.422356
0.704000 20.422368
0.708000 20.354933
0.712000 20.275544
0.716000 20.255000
0.720000 20.265485
0.724000 20.351095
0.728000 20.355251
0.732000 20.308343
0.736000 20.361862
0.740000 20.532607
0.744000 20.495852
0.748000 20.499876
0.752000 20.457039
0.756000 20.437809
0.760000 20.472705
0.764000 20.504396
0.768000 20.563164
0.772000 20.509329
0.776000 20.470187
0.780000 20.529197
0.784000 20.553240
0.788000 20.525392
0.792000 20.538056
0.796000 20.462012
0.800000 20.503455
0.804000 20.595153
0.808000 20.550672
0.812000 20.510355
0.816000 20.375140
0.820000 20.322704
0.824000 20.447063
0.828000 20.536627
0.832000 20.599778
0.836000 20.701083
0.840000 20.682690
0.844000 20.636908
0.848000 20.561195
0.852000 20.581262
0.856000 20.584755
0.860000 20.537724
0.864000 20.574346
0.868000 20.548027
0.872000 20.582055
0.876000 20.644615
0.880000 20.651613
0.884000 20.595349
0.888000 20.670839
0.892000 20.684545
0.896000 20.670599
0.900000 20.589427
0.904000 20.573949
0.908000 20.593229
0.912000 20.680358
0.916000 20.733549
0.920000 20.612951
0.924000 20.614295
0.928000 20.646447
0.932000 20.663002
0.936000 20.632767
0.940000 20.596026
0.944000 20.559560
0.948000 20.505163
0.952000 20.446502
0.956000 20.420360
0.960000 20.386445
0.964000 20.397142
0.968000 20.441415
0.972000 20.444459
0.976000 20.446674
0.980000 20.436189
0.984000 20.379533
0.988000 20.386807
0.992000 20.332292
0.996000 20.363412
1.000000 20.348356
1.004000 20.390722
1.008000 20.420575
1.012000 20.488227
1.016000 20.457181
1.020000 20.427912
1.024000 20.390111
1.028000 20.423158
1.032000 20.500418
1.036000 20.565134
1.040000 20.604082
1.044000 20.649701
1.048000 20.649896
1.052000 20.599388
1.056000 20.578784
1.060000 20.510912
1.064000 20.417267
1.068000 20.417519
1.072000 20.511456
1.076000 20.583411
1.080000 20.503966
1.084000 20.465374
1.088000 20.512851
1.092000 20.551420
1.096000 20.516248
1.100000 20.537040
1.104000 20.581471
1.108000 20.658283
1.112000 20.696424
1.116000 20.694746
1.120000 20.750628
1.124000 20.761163
1.128000 20.789262
1.132000 20.841749
1.136000 20.882576
1.140000 20.895549
1.144000 20.840822
1.148000 20.802723
1.152000 20.754569
1.156000 20.714610
1.160000 20.703172
1.164000 20.719753
1.168000 20.706423
1.172000 20.743284
1.176000 20.772898
1.180000 20.697817
1.184000 20.619076
1.188000 20.545687
1.192000 20.513249
1.196000 20.591194
1.200000 20.682353
1.204000 20.714968
1.208000 20.694458
1.212000 20.683136
1.216000 20.656341
1.220000 20.628235
1.224000 20.588365
1.228000 20.578093
1.232000 20.591370
1.236000 20.717278
1.240000 20.894208
1.244000 20.970705
1.248000 20.940145
1.252000 20.844751
1.256000 20.845274
1.260000 20.800386
1.264000 20.806918
1.268000 20.893378
1.272000 20.935880
1.276000 20.886129
1.280000 20.905848
1.284000 20.920191
1.288000 20.808804
1.292000 20.781512
1.296000 20.875810
1.300000 20.846573
1.304000 20.793878
1.308000 20.778931
1.312000 20.718755
1.316000 20.740649
1.320000 20.777693
1.324000 20.875589
1.328000 20.875628
1.332000 20.876733
1.336000 20.886990
1.340000 20.816040
1.344000 20.725901
1.348000 20.720322
1.352000 20.790042
1.356000 20.780228
1.360000 20.770292
1.364000 20.738157
1.368000 20.816830
1.372000 20.874413
1.376000 20.890372
1.380000 20.896656
1.384000 20.854583
1.388000 20.834756
1.392000 20.809208
1.396000 20.700404
1.400000 20.645595
1.404000 20.679973
1.408000 20.681436
1.412000 20.710228
1.416000 20.730253
1.420000 20.699930
1.424000 20.690902
1.428000 20.686901
1.432000 20.684882
1.436000 20.746266
1.440000 20.751530
1.444000 20.758911
1.448000 20.764633
1.452000 20.755926
1.456000 20.738653
1.460000 20.683032
1.464000 20.706536
1.468000 20.795440
1.472000 20.899877
1.476000 20.854800
1.480000 20.824536
1.484000 20.771077
1.488000 20.819978
1.492000 20.970059
1.496000 21.027256
1.500000 21.026976
1.504000 20.974941
1.508000 20.949419
1.512000 20.890377
1.516000 20.827435
1.520000 20.788546
1.524000 20.729454
1.528000 20.670834
1.532000 20.638644
1.536000 20.670025
1.540000 20.725075
1.544000 20.737278
1.548000 20.779757
1.552000 20.833372
1.556000 20.814887
1.560000 20.863966
1.564000 20.868244
1.568000 20.867928
1.572000 20.800700
1.576000 20.803097
1.580000 20.871859
1.584000 20.820786
1.588000 20.810226
1.592000 20.792839
1.596000 20.854813
1.600000 20.883661
1.604000 20.845046
1.608000 20.918028
1.612000 20.976581
1.616000 20.958844
1.620000 20.893689
1.624000 20.805871
1.628000 20.750447
1.632000 20.837755
1.636000 20.899436
1.640000 20.917312
1.644000 20.875559
1.648000 20.859267
1.652000 20.913252
1.656000 20.857721
1.660000 20.882972
1.664000 20.917055
1.668000 20.892320
1.672000 20.881050
1.676000 20.987300
1.680000 20.962744
1.684000 20.981454
1.688000 21.028305
1.692000 21.007994
1.696000 20.972332
1.700000 21.011652
1.704000 21.088626
1.708000 21.053184
1.712000 20.978220
1.716000 21.011050
1.720000 21.034393
1.724000 21.024108
1.728000 21.027957
1.732000 20.973315
1.736000 20.970562
1.740000 20.976158
1.744000 20.987190
1.748000 21.069187
1.752000 21.123837
1.756000 21.155445
1.760000 21.132110
1.764000 21.099843
1.768000 21.062373
1.772000 20.976584
1.776000 20.930744
1.780000 20.954948
1.784000 20.989310
1.788000 20.952373
1.792000 21.007996
1.796000 20.977982
1.800000 20.924867
1.804000 20.939420
1.808000 21.029386
1.812000 21.078053
1.816000 21.066751
1.820000 21.034006
1.824000 20.991059
1.828000 20.991710
1.832000 21.044094
1.836000 21.084530
1.840000 21.042738
1.844000 21.080641
1.848000 21.085371
1.852000 21.050482
1.856000 20.952854
1.860000 20.905009
1.864000 20.898816
1.868000 20.955829
1.872000 21.019696
1.876000 21.053696
1.880000 21.012774
1.884000 20.934674
1.888000 20.868821
1.892000 20.925474
1.896000 20.960699
1.900000 20.965691
1.904000 21.032494
1.908000 21.073702
1.912000 21.081770
1.916000 21.065941
1.920000 21.042756
1.924000 21.096213
1.928000 21.061208
1.932000 21.069602
1.936000 21.094750
1.940000 21.002712
1.944000 20.970886
1.948000 21.026951
1.952000 21.076333
1.956000 21.160944
1.960000 21.190553
1.964000 21.158687
1.968000 21.084677
1.972000 21.047925
1.976000 21.027365
1.980000 21.067346
1.984000 21.116110
1.988000 21.034425
1.992000 20.952991
1.996000 20.987578
2.000000 20.970030
2.004000 21.026795
2.008000 21.051869
2.012000 21.033434
2.016000 21.039929
2.020000 21.138095
2.024000 21.246599
2.028000 21.202296
2.032000 21.055247
2.036000 20.910652
2.040000 20.844301
2.044000 20.865958
2.048000 20.847123
2.052000 20.904871
2.056000 20.921847
2.060000 20.985281
2.064000 20.974371
2.068000 20.974299
2.072000 20.948013
2.076000 20.923533
2.080000 20.906004
2.084000 20.933466
2.088000 20.960254
2.092000 20.929792
2.096000 20.878781
2.100000 20.796440
2.104000 20.679098
2.108000 20.717779
2.112000 20.830296
2.116000 20.899059
2.120000 20.906761
2.124000 21.025811
2.128000 21.034029
2.132000 21.065949
2.136000 21.123587
2.140000 21.121316
2.144000 21.106024
2.148000 21.055660
2.152000 21.039058
2.156000 21.036062
2.160000 21.001342
2.164000 21.005399
2.168000 21.025873
2.172000 20.984937
2.176000 21.013192
2.180000 20.984421
2.184000 20.950057
2.188000 20.981119
2.192000 20.995065
2.196000 20.950645
2.200000 20.968553
2.204000 20.973972
2.208000 20.949794
2.212000 20.896634
2.216000 20.882382
2.220000 20.872256
2.224000 20.856309
2.228000 20.869965
2.232000 20.950079
2.236000 21.135800
2.240000 21.214074
2.244000 21.177233
2.248000 21.109762
2.252000 21.065895
2.256000 20.974768
2.260000 20.916117
2.264000 20.951229
2.268000 20.984224
2.272000 21.017667
2.276000 20.980589
2.280000 20.956500
2.284000 20.942317
2.288000 21.050714
2.292000 21.109831
2.296000 21.140267
2.300000 21.136192
2.304000 21.189973
2.308000 21.216640
2.312000 21.182234
2.316000 21.117347
2.320000 21.093143
2.324000 21.118255
2.328000 21.097338
2.332000 21.021852
2.336000 20.955332
2.340000 20.947664
2.344000 20.969309
2.348000 21.037162
2.352000 21.002537
2.356000 20.952141
2.360000 20.902688
2.364000 21.036248
2.368000 21.156466
2.372000 21.188794
2.376000 21.122976
2.380000 21.063153
2.384000 21.028407
2.388000 21.044855
2.392000 21.090491
2.396000 21.126710
2.400000 21.194105
2.404000 21.235042
2.408000 21.254134
2.412000 21.318870
2.416000 21.363361
2.420000 21.313971
2.424000 21.207609
2.428000 21.197811
2.432000 21.261563
2.436000 21.290985
2.440000 21.281348
2.444000 21.264581
2.448000 21.257185
2.452000 21.147366
2.456000 21.033138
2.460000 20.971898
2.464000 20.990492
2.468000 21.086388
2.472000 21.095955
2.476000 21.023941
2.480000 20.992923
2.484000 20.947912
2.488000 20.945419
2.492000 20.928222
2.496000 20.963821
2.500000 20.972491
2.504000 21.090759
2.508000 21.132404
2.512000 21.120034
2.516000 21.129892
2.520000 21.183783
2.524000 21.222478
2.528000 21.151055
2.532000 21.180655
2.536000 21.199882
2.540000 21.219062
2.544000 21.256932
2.548000 21.180501
2.552000 21.148778
2.556000 21.194061
2.560000 21.153812
2.564000 21.090747
2.568000 21.141527
2.572000 21.188786
2.576000 21.101590
2.580000 21.099687
2.584000 21.123117
2.588000 21.090115
2.592000 21.061966
2.596000 21.064879
2.600000 21.008553
2.604000 20.961033
2.608000 20.981311
2.612000 20.997820
2.616000 20.955584
2.620000 20.921938
2.624000 20.939532
2.628000 20.907318
2.632000 20.829035
2.636000 20.771086
2.640000 20.879877
2.644000 21.004148
2.648000 21.009308
2.652000 21.102120
2.656000 21.138277
2.660000 21.122130
2.664000 21.106527
2.668000 21.100288
2.672000 21.031759
2.676000 20.923147
2.680000 20.861480
2.684000 20.877978
2.688000 20.914546
2.692000 20.901602
2.696000 20.945859
2.700000 20.988465
2.704000 21.073133
2.708000 21.067235
2.712000 21.097079
2.716000 21.168702
2.720000 21.184813
2.724000 21.179464
2.728000 21.276489
2.732000 21.263695
2.736000 21.201048
2.740000 21.140003
2.744000 21.120386
2.748000 21.171833
2.752000 21.163558
2.756000 21.092655
2.760000 21.056743
2.764000 21.052438
2.768000 21.074310
2.772000 21.122611
2.776000 21.139750
2.780000 21.168302
2.784000 21.251206
2.788000 21.253516
2.792000 21.294328
2.796000 21.303148
2.800000 21.245709
2.804000 21.200755
2.808000 21.211775
2.812000 21.229492
2.816000 21.241485
2.820000 21.181312
2.824000 21.134983
2.828000 21.130462
2.832000 21.115742
2.836000 21.066127
2.840000 21.043273
2.844000 21.064055
2.848000 21.079554
2.852000 21.114542
2.856000 21.161311
2.860000 21.132403
2.864000 21.139404
2.868000 21.127326
2.872000 21.123995
2.876000 21.065885
2.880000 20.994846
2.884000 21.064551
2.888000 21.150266
2.892000 21.158303
2.896000 21.169860
2.900000 21.219154
2.904000 21.216906
2.908000 21.177357
2.912000 21.178285
2.916000 21.194098
2.920000 21.181307
2.924000 21.214712
2.928000 21.196172
2.932000 21.108822
2.936000 21.049503
2.940000 21.122847
2.944000 21.123609
2.948000 21.174241
2.952000 21.163911
2.956000 21.154569
2.960000 21.109777
2.964000 21.034140
2.968000 21.021614
2.972000 20.995845
2.976000 21.005903
2.980000 21.054563
2.984000 21.088196
2.988000 21.130200
2.992000 21.140547
2.996000 21.138570
3.000000 21.137854
3.004000 21.141642
3.008000 21.212766
3.012000 21.198492
3.016000 21.144084
3.020000 21.159169
3.024000 21.185831
3.028000 21.209034
3.032000 21.203232
3.036000 21.220498
3.040000 21.251617
3.044000 21.236769
3.048000 21.127246
3.052000 21.066407
3.056000 21.114468
3.060000 21.112594
3.064000 21.152977
3.068000 21.189988
3.072000 21.257854
3.076000 21.357003
3.080000 21.324562
3.084000 21.233524
3.088000 21.139929
3.092000 21.121544
3.096000 21.137323
3.100000 21.138546
3.104000 21.111178
3.108000 21.155142
3.112000 21.197494
3.116000 21.156827
3.120000 21.074449
3.124000 20.963756
3.128000 20.992989
3.132000 21.107267
3.136000 21.179649
3.140000 21.231213
3.144000 21.218263
3.148000 21.216341
3.152000 21.191430
3.156000 21.258414
3.160000 21.216244
3.164000 21.142566
3.168000 21.066561
3.172000 21.078290
3.176000 21.164217
3.180000 21.264144
3.184000 21.300509
3.188000 21.282823
3.192000 21.288639
3.196000 21.318106
3.200000 21.367023
3.204000 21.355169
3.208000 21.354346
3.212000 21.318222
3.216000 21.259864
3.220000 21.225913
3.224000 21.230961
3.228000 21.193705
3.232000 21.257413
3.236000 21.378218
3.240000 21.422404
3.244000 21.423027
3.248000 21.325058
3.252000 21.327157
3.256000 21.314896
3.260000 21.299836
3.264000 21.337198
3.268000 21.312085
3.272000 21.303293
3.276000 21.267033
3.280000 21.240037
3.284000 21.228798
3.288000 21.229774
3.292000 21.242215
3.296000 21.285953
3.300000 21.326353
3.304000 21.315922
3.308000 21.298382
3.312000 21.228991
3.316000 21.144581
3.320000 21.092995
3.324000 21.037381
3.328000 21.053497
3.332000 21.032871
3.336000 21.088515
3.340000 21.111316
3.344000 21.174194
3.348000 21.202580
3.352000 21.161926
3.356000 21.163095
3.360000 21.091708
3.364000 21.067256
3.368000 21.087629
3.372000 21.125714
3.376000 21.095891
3.380000 21.061574
3.384000 21.002277
3.388000 21.062790
3.392000 21.123561
3.396000 21.172741
3.400000 21.269874
3.404000 21.279766
3.408000 21.248002
3.412000 21.250818
3.416000 21.218075
3.420000 21.149252
3.424000 21.157134
3.428000 21.155721
3.432000 21.134372
3.436000 21.122068
3.440000 21.132753
3.444000 21.172231
3.448000 21.258703
3.452000 21.216216
3.456000 21.168640
3.460000 21.062042
3.464000 21.001788
3.468000 21.065818
3.472000 21.097221
3.476000 21.254817
3.480000 21.390856
3.484000 21.419243
3.488000 21.336354
3.492000 21.285688
3.496000 21.261088
3.500000 21.279986
3.504000 21.196562
3.508000 21.105502
3.512000 21.106148
3.516000 21.200027
3.520000 21.283148
3.524000 21.323677
3.528000 21.306182
3.532000 21.337796
3.536000 21.310665
3.540000 21.317773
3.544000 21.313337
3.548000 21.331654
3.552000 21.360655
3.556000 21.310700
3.560000 21.399095
3.564000 21.436117
3.568000 21.508527
3.572000 21.497277
3.576000 21.439566
3.580000 21.416303
3.584000 21.388250
3.588000 21.401789
3.592000 21.424001
3.596000 21.401404
3.600000 21.436596
3.604000 21.469979
3.608000 21.493727
3.612000 21.378690
3.616000 21.243746
3.620000 21.200658
3.624000 21.207061
3.628000 21.253102
3.632000 21.282512
3.636000 21.280414
3.640000 21.296252
3.644000 21.301269
3.648000 21.284538
3.652000 21.236745
3.656000 21.277249
3.660000 21.357362
3.664000 21.357836
3.668000 21.282846
3.672000 21.278404
3.676000 21.227267
3.680000 21.227685
3.684000 21.301048
3.688000 21.336436
3.692000 21.278755
3.696000 21.152894
3.700000 21.188982
3.704000 21.251357
3.708000 21.305421
3.712000 21.391770
3.716000 21.389673
3.720000 21.244192
3.724000 21.156190
3.728000 21.130264
3.732000 21.185417
3.736000 21.209661
3.740000 21.273017
3.744000 21.247478
3.748000 21.144518
3.752000 21.150997
3.756000 21.050494
3.760000 20.901294
3.764000 20.834478
3.768000 20.884783
3.772000 21.032667
3.776000 21.156083
3.780000 21.147454
3.784000 21.137738
3.788000 21.107962
3.792000 21.145928
3.796000 21.121564
3.800000 21.121832
3.804000 21.213726
3.808000 21.246303
3.812000 21.269459
3.816000 21.328916
3.820000 21.371910
3.824000 21.341839
3.828000 21.263277
3.832000 21.266186
3.836000 21.195051
3.840000 21.176405
3.844000 21.235159
3.848000 21.256869
3.852000 21.196193
3.856000 21.189906
3.860000 21.241825
3.864000 21.286605
3.868000 21.320976
3.872000 21.271778
3.876000 21.204270
3.880000 21.225319
3.884000 21.233818
3.888000 21.211637
3.892000 21.231406
3.896000 21.145915
3.900000 21.102589
3.904000 21.010256
3.908000 20.966906
3.912000 21.005116
3.916000 21.083813
3.920000 21.200188
3.924000 21.206610
3.928000 21.135357
3.932000 21.059920
3.936000 21.013370
3.940000 21.023819
3.944000 21.047008
3.948000 21.087080
3.952000 21.218239
3.956000 21.227583
3.960000 21.251814
3.964000 21.267376
3.968000 21.234528
3.972000 21.244786
3.976000 21.296520
3.980000 21.338967
3.984000 21.370607
3.988000 21.329557
3.992000 21.185727
3.996000 21.138002
4.000000 21.112857
4.004000 21.063760
4.008000 21.107426
4.012000 21.149887
4.016000 21.214179
4.020000 21.235881
4.024000 21.264544
4.028000 21.192415
4.032000 21.155917
4.036000 21.255629
4.040000 21.302523
4.044000 21.331642
4.048000 21.360794
4.052000 21.375436
4.056000 21.370936
4.060000 21.397493
4.064000 21.433904
4.068000 21.393175
4.072000 21.329119
4.076000 21.257446
4.080000 21.264484
4.084000 21.319301
4.088000 21.336942
4.092000 21.347515
4.096000 21.399888
4.100000 21.370142
4.104000 21.305512
4.108000 21.242922
4.112000 21.151983
4.116000 21.114248
4.120000 21.102158
4.124000 21.075052
4.128000 21.090042
4.132000 21.156535
4.136000 21.230255
4.140000 21.222250
4.144000 21.196838
4.148000 21.193685
4.152000 21.154534
4.156000 21.171684
4.160000 21.113350
4.164000 21.120702
4.168000 21.225967
4.172000 21.306005
4.176000 21.329573
4.180000 21.296963
4.184000 21.307496
4.188000 21.335706
4.192000 21.354983
4.196000 21.309381
4.200000 21.265528
4.204000 21.205498
4.208000 21.132864
4.212000 21.143114
4.216000 21.171664
4.220000 21.173928
4.224000 21.125785
4.228000 21.150081
4.232000 21.095290
4.236000 21.062838
4.240000 21.051358
4.244000 21.071652
4.248000 21.145736
4.252000 21.158908
4.256000 21.085940
4.260000 21.069531
4.264000 21.054487
4.268000 21.064874
4.272000 21.060769
4.276000 21.003467
4.280000 20.996041
4.284000 21.017629
4.288000 21.080008
4.292000 21.098383
4.296000 21.092793
4.300000 21.134860
4.304000 21.167816
4.308000 21.267615
4.312000 21.364885
4.316000 21.355281
4.320000 21.255148
4.324000 21.201036
4.328000 21.161465
4.332000 21.153684
4.336000 21.100935
4.340000 20.990649
4.344000 20.989113
4.348000 21.033772
4.352000 21.076047
4.356000 21.098152
4.360000 21.135224
4.364000 21.103773
4.368000 21.153482
4.372000 21.210410
4.376000 21.166965
4.380000 21.189968
4.384000 21.166084
4.388000 21.137924
4.392000 21.074340
4.396000 21.131498
4.400000 21.224985
4.404000 21.188323
4.408000 21.089184
4.412000 21.132921
4.416000 21.277503
4.420000 21.330373
4.424000 21.339838
4.428000 21.326246
4.432000 21.323371
4.436000 21.308661
4.440000 21.288386
4.444000 21.219941
4.448000 21.175463
4.452000 21.246906
4.456000 21.247545
4.460000 21.259858
4.464000 21.327109
4.468000 21.342969
4.472000 21.338219
4.476000 21.265529
4.480000 21.253354
4.484000 21.218680
4.488000 21.196340
4.492000 21.206383
4.496000 21.200362
4.500000 21.230294
4.504000 21.246152
4.508000 21.247439
4.512000 21.210561
4.516000 21.217600
4.520000 21.241506
4.524000 21.253897
4.528000 21.248202
4.532000 21.266329
4.536000 21.276951
4.540000 21.212041
4.544000 21.138796
4.548000 21.179557
4.552000 21.239917
4.556000 21.291986
4.560000 21.317777
4.564000 21.289813
4.568000 21.251961
4.572000 21.300275
4.576000 21.373799
4.580000 21.458761
4.584000 21.400915
4.588000 21.263974
4.592000 21.259909
4.596000 21.323163
4.600000 21.371411
4.604000 21.393792
4.608000 21.312470
4.612000 21.237351
4.616000 21.226384
4.620000 21.274670
4.624000 21.282593
4.628000 21.277407
4.632000 21.237295
4.636000 21.208617
4.640000 21.215203
4.644000 21.172636
4.648000 21.144240
4.652000 21.157457
4.656000 21.112889
4.660000 21.115870
4.664000 21.064733
4.668000 21.103887
4.672000 21.147587
4.676000 21.224220
4.680000 21.274868
4.684000 21.221673
4.688000 21.131908
4.692000 21.159167
4.696000 21.160875
4.700000 21.148898
4.704000 21.225477
4.708000 21.274537
4.712000 21.240907
4.716000 21.197066
4.720000 21.149094
4.724000 21.116756
4.728000 21.078484
4.732000 21.124866
4.736000 21.213237
4.740000 21.214835
4.744000 21.242220
4.748000 21.295765
4.752000 21.258674
4.756000 21.119813
4.760000 21.025592
4.764000 20.987830
4.768000 21.035459
4.772000 21.038121
4.776000 21.059368
4.780000 21.051785
4.784000 21.085442
4.788000 21.147538
4.792000 21.190338
4.796000 21.210989
4.800000 21.241187
4.804000 21.272603
4.808000 21.269899
4.812000 21.263176
4.816000 21.280002
4.820000 21.254858
4.824000 21.266335
4.828000 21.338080
4.832000 21.300475
4.836000 21.302578
4.840000 21.340980
4.844000 21.363409
4.848000 21.384746
4.852000 21.348464
4.856000 21.338083
4.860000 21.366913
4.864000 21.345080
4.868000 21.312016
4.872000 21.272852
4.876000 21.235348
4.880000 21.214940
4.884000 21.243314
4.888000 21.222761
4.892000 21.222848
4.896000 21.241436
4.900000 21.226831
4.904000 21.212277
4.908000 21.223909
4.912000 21.198271
4.916000 21.280288
4.920000 21.260511
4.924000 21.188540
4.928000 21.144783
4.932000 21.106713
4.936000 21.197844
4.940000 21.266237
4.944000 21.256865
4.948000 21.212529
4.952000 21.268880
4.956000 21.275702
4.960000 21.300925
4.964000 21.280451
4.968000 21.275152
4.972000 21.304532
4.976000 21.329822
4.980000 21.281714
4.984000 21.246180
4.988000 21.204071
4.992000 21.230434
4.996000 21.230156
