0.012000 14.661719
0.016000 14.661719
0.020000 14.661719
0.024000 14.661719
0.028000 14.661719
0.032000 14.661719
0.036000 14.661719
0.040000 14.661719
0.044000 14.661719
0.048000 14.661719
0.052000 14.661719
0.056000 14.661719
0.060000 14.661719
0.064000 14.661719
0.068000 14.661719
0.072000 14.661719
0.076000 14.661719
0.080000 14.661719
0.084000 14.661719
0.088000 14.661719
0.092000 14.661719
0.096000 14.661719
0.100000 14.661719
0.104000 14.661719
0.108000 14.661719
0.112000 14.661719
0.116000 14.661719
0.120000 14.661719
0.124000 14.661719
0.128000 14.661719
0.132000 14.661719
0.136000 14.661719
0.140000 14.661719
0.144000 14.661719
0.148000 14.661719
0.152000 14.661719
0.156000 14.661719
0.160000 14.661719
0.164000 14.661719
0.168000 14.661719
0.172000 14.661719
0.176000 14.661719
0.180000 14.661719
0.184000 14.661719
0.188000 14.661719
0.192000 14.661719
0.196000 14.661719
0.200000 14.661719
0.204000 14.661719
0.208000 14.661719
0.212000 14.661719
0.216000 14.661719
0.220000 14.661719
0.224000 14.661719
0.228000 14.661719
0.232000 14.661719
0.236000 14.661719
0.240000 14.661719
0.244000 14.661719
0.248000 14.661719
0.252000 14.661719
0.256000 14.661719
0.260000 14.661719
0.264000 14.661719
0.268000 14.661719
0.272000 14.661719
0.276000 14.661719
0.280000 14.661719
0.284000 14.661719
0.288000 14.661719
0.292000 14.661719
0.296000 14.661719
0.300000 14.661719
0.304000 14.661719
0.308000 14.661719
0.312000 14.661719
0.316000 14.661719
0.320000 14.661719
0.324000 14.661719
0.328000 14.661719
0.332000 14.661719
0.336000 14.661719
0.340000 14.661719
0.344000 14.661719
0.348000 14.661719
0.352000 14.661719
0.356000 14.661719
0.360000 14.661719
0.364000 14.661719
0.368000 14.661719
0.372000 14.661719
0.376000 14.661719
0.380000 14.661719
0.384000 14.661719
0.388000 14.661719
0.392000 14.661719
0.396000 14.661719
0.400000 14.661719
0.404000 14.661719
0.408000 14.661719
0.412000 14.661719
0.416000 14.661719
0.420000 14.661719
0.424000 14.661719
0.428000 14.661719
0.432000 14.661719
0.436000 14.661719
0.440000 14.661719
0.444000 14.661719
0.448000 14.661719
0.452000 14.661719
0.456000 14.661719
0.460000 14.661719
0.464000 14.661719
0.468000 14.661719
0.472000 14.661719
0.476000 14.661719
0.480000 14.661719
0.484000 14.661719
0.488000 14.661719
0.492000 14.661719
0.496000 14.661719
0.500000 14.661719
0.504000 14.661719
0.508000 14.661719
0.512000 14.661719
0.516000 14.661719
0.520000 14.661719
0.524000 14.661719
0.528000 14.661719
0.532000 14.661719
0.536000 14.661719
0.540000 14.661719
0.544000 14.661719
0.548000 14.661719
0.552000 14.661719
0.556000 14.661719
0.560000 14.661719
0.564000 14.661719
0.568000 14.661719
0.572000 14.661719
0.576000 14.661719
0.580000 14.661719
0.584000 14.661719
0.588000 14.661719
0.592000 14.661719
0.596000 14.661719
0.600000 14.661719
0.604000 14.661719
0.608000 14.661719
0.612000 14.661719
0.616000 14.661719
0.620000 14.661719
0.624000 14.661719
0.628000 14.661719
0.632000 14.661719
0.636000 14.661719
0.640000 14.661719
0.644000 14.661719
0.648000 14.661719
0.652000 14.661719
0.656000 14.661719
0.660000 14.661719
0.664000 14.661719
0.668000 14.661719
0.672000 14.661719
0.676000 14.661719
0.680000 14.661719
0.684000 14.661719
0.688000 14.661719
0.692000 14.661719
0.696000 14.661719
0.700000 14.661719
0.704000 14.661719
0.708000 14.661719
0.712000 14.661719
0.716000 14.661719
0.720000 14.661719
0.724000 14.661719
0.728000 14.661719
0.732000 14.661719
0.736000 14.661719
0.740000 14.661719
0.744000 14.661719
0.748000 14.661719
0.752000 14.661719
0.756000 14.661719
0.760000 14.661719
0.764000 14.661719
0.768000 14.661719
0.772000 14.661719
0.776000 14.661719
0.780000 14.661719
0.784000 14.661719
0.788000 14.661719
0.792000 14.661719
0.796000 14.661719
0.800000 14.661719
0.804000 14.661719
0.808000 14.661719
0.812000 14.661719
0.816000 14.661719
0.820000 14.661719
0.824000 14.661719
0.828000 14.661719
0.832000 14.661719
0.836000 14.661719
0.840000 14.661719
0.844000 14.661719
0.848000 14.661719
0.852000 14.661719
0.856000 14.661719
0.860000 14.661719
0.864000 14.661719
0.868000 14.661719
0.872000 14.661719
0.876000 14.661719
0.880000 14.661719
0.884000 14.661719
0.888000 14.661719
0.892000 14.661719
0.896000 14.661719
0.900000 14.661719
0.904000 14.661719
0.908000 14.661719
0.912000 14.661719
0.916000 14.661719
0.920000 14.661719
0.924000 14.661719
0.928000 14.661719
0.932000 14.661719
0.936000 14.661719
0.940000 14.661719
0.944000 14.661719
0.948000 14.661719
0.952000 14.661719
0.956000 14.661719
0.960000 14.661719
0.964000 14.661719
0.968000 14.661719
0.972000 14.661719
0.976000 14.661719
0.980000 14.661719
0.984000 14.661719
0.988000 14.661719
0.992000 14.661719
0.996000 14.661719
1.000000 14.661719
1.004000 14.661719
1.008000 14.661719
1.012000 14.661719
1.016000 14.661719
1.020000 14.661719
1.024000 14.661719
1.028000 14.661719
1.032000 14.661719
1.036000 14.661719
1.040000 14.661719
1.044000 14.661719
1.048000 14.661719
1.052000 14.661719
1.056000 14.661719
1.060000 14.661719
1.064000 14.661719
1.068000 14.661719
1.072000 14.661719
1.076000 14.661719
1.080000 14.661719
1.084000 14.661719
1.088000 14.661719
1.092000 14.661719
1.096000 14.661719
1.100000 14.661719
1.104000 14.661719
1.108000 14.661719
1.112000 14.661719
1.116000 14.661719
1.120000 14.661719
1.124000 14.661719
1.128000 14.661719
1.132000 14.661719
1.136000 14.661719
1.140000 14.661719
1.144000 14.661719
1.148000 14.661719
1.152000 14.661719
1.156000 14.661719
1.160000 14.661719
1.164000 14.661719
1.168000 14.661719
1.172000 14.661719
1.176000 14.661719
1.180000 14.661719
1.184000 14.661719
1.188000 14.661719
1.192000 14.661719
1.196000 14.661719
1.200000 14.661719
1.204000 14.661719
1.208000 14.661719
1.212000 14.661719
1.216000 14.661719
1.220000 14.661719
1.224000 14.661719
1.228000 14.661719
1.232000 14.661719
1.236000 14.661719
1.240000 14.661719
1.244000 14.661719
1.248000 14.661719
1.252000 14.661719
1.256000 14.661719
1.260000 14.661719
1.264000 14.661719
1.268000 14.661719
1.272000 14.661719
1.276000 14.661719
1.280000 14.661719
1.284000 14.661719
1.288000 14.661719
1.292000 14.661719
1.296000 14.661719
1.300000 14.661719
1.304000 14.661719
1.308000 14.661719
1.312000 14.661719
1.316000 14.661719
1.320000 14.661719
1.324000 14.661719
1.328000 14.661719
1.332000 14.661719
1.336000 14.661719
1.340000 14.661719
1.344000 14.661719
1.348000 14.661719
1.352000 14.661719
1.356000 14.661719
1.360000 14.661719
1.364000 14.661719
1.368000 14.661719
1.372000 14.661719
1.376000 14.661719
1.380000 14.661719
1.384000 14.661719
1.388000 14.661719
1.392000 14.661719
1.396000 14.661719
1.400000 14.661719
1.404000 14.661719
1.408000 14.661719
1.412000 14.661719
1.416000 14.661719
1.420000 14.661719
1.424000 14.661719
1.428000 14.661719
1.432000 14.661719
1.436000 14.661719
1.440000 14.661719
1.444000 14.661719
1.448000 14.661719
1.452000 14.661719
1.456000 14.661719
1.460000 14.661719
1.464000 14.661719
1.468000 14.661719
1.472000 14.661719
1.476000 14.661719
1.480000 14.661719
1.484000 14.661719
1.488000 14.661719
1.492000 14.661719
1.496000 14.661719
1.500000 14.661719
1.504000 14.661719
1.508000 14.661719
1.512000 14.661719
1.516000 14.661719
1.520000 14.661719
1.524000 14.661719
1.528000 14.661719
1.532000 14.661719
1.536000 14.661719
1.540000 14.661719
1.544000 14.661719
1.548000 14.661719
1.552000 14.661719
1.556000 14.661719
1.560000 14.661719
1.564000 14.661719
1.568000 14.661719
1.572000 14.661719
1.576000 14.661719
1.580000 14.661719
1.584000 14.661719
1.588000 14.661719
1.592000 14.661719
1.596000 14.661719
1.600000 14.661719
1.604000 14.661719
1.608000 14.661719
1.612000 14.661719
1.616000 14.661719
1.620000 14.661719
1.624000 14.661719
1.628000 14.661719
1.632000 14.661719
1.636000 14.661719
1.640000 14.661719
1.644000 14.661719
1.648000 14.661719
1.652000 14.661719
1.656000 14.661719
1.660000 14.661719
1.664000 14.661719
1.668000 14.661719
1.672000 14.661719
1.676000 14.661719
1.680000 14.661719
1.684000 14.661719
1.688000 14.661719
1.692000 14.661719
1.696000 14.661719
1.700000 14.661719
1.704000 14.661719
1.708000 14.661719
1.712000 14.661719
1.716000 14.661719
1.720000 14.661719
1.724000 14.661719
1.728000 14.661719
1.732000 14.661719
1.736000 14.661719
1.740000 14.661719
1.744000 14.661719
1.748000 14.661719
1.752000 14.661719
1.756000 14.661719
1.760000 14.661719
1.764000 14.661719
1.768000 14.661719
1.772000 14.661719
1.776000 14.661719
1.780000 14.661719
1.784000 14.661719
1.788000 14.661719
1.792000 14.661719
1.796000 14.661719
1.800000 14.661719
1.804000 14.661719
1.808000 14.661719
1.812000 14.661719
1.816000 14.661719
1.820000 14.661719
1.824000 14.661719
1.828000 14.661719
1.832000 14.661719
1.836000 14.661719
1.840000 14.661719
1.844000 14.661719
1.848000 14.661719
1.852000 14.661719
1.856000 14.661719
1.860000 14.661719
1.864000 14.661719
1.868000 14.661719
1.872000 14.661719
1.876000 14.661719
1.880000 14.661719
1.884000 14.661719
1.888000 14.661719
1.892000 14.661719
1.896000 14.661719
1.900000 14.661719
1.904000 14.661719
1.908000 14.661719
1.912000 14.661719
1.916000 14.661719
1.920000 14.661719
1.924000 14.661719
1.928000 14.661719
1.932000 14.661719
1.936000 14.661719
1.940000 14.661719
1.944000 14.661719
1.948000 14.661719
1.952000 14.661719
1.956000 14.661719
1.960000 14.661719
1.964000 14.661719
1.968000 14.661719
1.972000 14.661719
1.976000 14.661719
1.980000 14.661719
1.984000 14.661719
1.988000 14.661719
1.992000 14.661719
1.996000 14.661719
2.000000 14.661719
2.004000 14.661719
2.008000 14.661719
2.012000 14.661719
2.016000 14.661719
2.020000 14.661719
2.024000 14.661719
2.028000 14.661719
2.032000 14.661719
2.036000 14.661719
2.040000 14.661719
2.044000 14.661719
2.048000 14.661719
2.052000 14.661719
2.056000 14.661719
2.060000 14.661719
2.064000 14.661719
2.068000 14.661719
2.072000 14.661719
2.076000 14.661719
2.080000 14.661719
2.084000 14.661719
2.088000 14.661719
2.092000 14.661719
2.096000 14.661719
2.100000 14.661719
2.104000 14.661719
2.108000 14.661719
2.112000 14.661719
2.116000 14.661719
2.120000 14.661719
2.124000 14.661719
2.128000 14.661719
2.132000 14.661719
2.136000 14.661719
2.140000 14.661719
2.144000 14.661719
2.148000 14.661719
2.152000 14.661719
2.156000 14.661719
2.160000 14.661719
2.164000 14.661719
2.168000 14.661719
2.172000 14.661719
2.176000 14.661719
2.180000 14.661719
2.184000 14.661719
2.188000 14.661719
2.192000 14.661719
2.196000 14.661719
2.200000 14.661719
2.204000 14.661719
2.208000 14.661719
2.212000 14.661719
2.216000 14.661719
2.220000 14.661719
2.224000 14.661719
2.228000 14.661719
2.232000 14.661719
2.236000 14.661719
2.240000 14.661719
2.244000 14.661719
2.248000 14.661719
2.252000 14.661719
2.256000 14.661719
2.260000 14.661719
2.264000 14.661719
2.268000 14.661719
2.272000 14.661719
2.276000 14.661719
2.280000 14.661719
2.284000 14.661719
2.288000 14.661719
2.292000 14.661719
2.296000 14.661719
2.300000 14.661719
2.304000 14.661719
2.308000 14.661719
2.312000 14.661719
2.316000 14.661719
2.320000 14.661719
2.324000 14.661719
2.328000 14.661719
2.332000 14.661719
2.336000 14.661719
2.340000 14.661719
2.344000 14.661719
2.348000 14.661719
2.352000 14.661719
2.356000 14.661719
2.360000 14.661719
2.364000 14.661719
2.368000 14.661719
2.372000 14.661719
2.376000 14.661719
2.380000 14.661719
2.384000 14.661719
2.388000 14.661719
2.392000 14.661719
2.396000 14.661719
2.400000 14.661719
2.404000 14.661719
2.408000 14.661719
2.412000 14.661719
2.416000 14.661719
2.420000 14.661719
2.424000 14.661719
2.428000 14.661719
2.432000 14.661719
2.436000 14.661719
2.440000 14.661719
2.444000 14.661719
2.448000 14.661719
2.452000 14.661719
2.456000 14.661719
2.460000 14.661719
2.464000 14.661719
2.468000 14.661719
2.472000 14.661719
2.476000 14.661719
2.480000 14.661719
2.484000 14.661719
2.488000 14.661719
2.492000 14.661719
2.496000 14.661719
2.500000 14.661719
2.504000 14.661719
2.508000 14.661719
2.512000 14.661719
2.516000 14.661719
2.520000 14.661719
2.524000 14.661719
2.528000 14.661719
2.532000 14.661719
2.536000 14.661719
2.540000 14.661719
2.544000 14.661719
2.548000 14.661719
2.552000 14.661719
2.556000 14.661719
2.560000 14.661719
2.564000 14.661719
2.568000 14.661719
2.572000 14.661719
2.576000 14.661719
2.580000 14.661719
2.584000 14.661719
2.588000 14.661719
2.592000 14.661719
2.596000 14.661719
2.600000 14.661719
2.604000 14.661719
2.608000 14.661719
2.612000 14.661719
2.616000 14.661719
2.620000 14.661719
2.624000 14.661719
2.628000 14.661719
2.632000 14.661719
2.636000 14.661719
2.640000 14.661719
2.644000 14.661719
2.648000 14.661719
2.652000 14.661719
2.656000 14.661719
2.660000 14.661719
2.664000 14.661719
2.668000 14.661719
2.672000 14.661719
2.676000 14.661719
2.680000 14.661719
2.684000 14.661719
2.688000 14.661719
2.692000 14.661719
2.696000 14.661719
2.700000 14.661719
2.704000 14.661719
2.708000 14.661719
2.712000 14.661719
2.716000 14.661719
2.720000 14.661719
2.724000 14.661719
2.728000 14.661719
2.732000 14.661719
2.736000 14.661719
2.740000 14.661719
2.744000 14.661719
2.748000 14.661719
2.752000 14.661719
2.756000 14.661719
2.760000 14.661719
2.764000 14.661719
2.768000 14.661719
2.772000 14.661719
2.776000 14.661719
2.780000 14.661719
2.784000 14.661719
2.788000 14.661719
2.792000 14.661719
2.796000 14.661719
2.800000 14.661719
2.804000 14.661719
2.808000 14.661719
2.812000 14.661719
2.816000 14.661719
2.820000 14.661719
2.824000 14.661719
2.828000 14.661719
2.832000 14.661719
2.836000 14.661719
2.840000 14.661719
2.844000 14.661719
2.848000 14.661719
2.852000 14.661719
2.856000 14.661719
2.860000 14.661719
2.864000 14.661719
2.868000 14.661719
2.872000 14.661719
2.876000 14.661719
2.880000 14.661719
2.884000 14.661719
2.888000 14.661719
2.892000 14.661719
2.896000 14.661719
2.900000 14.661719
2.904000 14.661719
2.908000 14.661719
2.912000 14.661719
2.916000 14.661719
2.920000 14.661719
2.924000 14.661719
2.928000 14.661719
2.932000 14.661719
2.936000 14.661719
2.940000 14.661719
2.944000 14.661719
2.948000 14.661719
2.952000 14.661719
2.956000 14.661719
2.960000 14.661719
2.964000 14.661719
2.968000 14.661719
2.972000 14.661719
2.976000 14.661719
2.980000 14.661719
2.984000 14.661719
2.988000 14.661719
2.992000 14.661719
2.996000 14.661719
3.000000 14.661719
3.004000 14.661719
3.008000 14.661719
3.012000 14.661719
3.016000 14.661719
3.020000 14.661719
3.024000 14.661719
3.028000 14.661719
3.032000 14.661719
3.036000 14.661719
3.040000 14.661719
3.044000 14.661719
3.048000 14.661719
3.052000 14.661719
3.056000 14.661719
3.060000 14.661719
3.064000 14.661719
3.068000 14.661719
3.072000 14.661719
3.076000 14.661719
3.080000 14.661719
3.084000 14.661719
3.088000 14.661719
3.092000 14.661719
3.096000 14.661719
3.100000 14.661719
3.104000 14.661719
3.108000 14.661719
3.112000 14.661719
3.116000 14.661719
3.120000 14.661719
3.124000 14.661719
3.128000 14.661719
3.132000 14.661719
3.136000 14.661719
3.140000 14.661719
3.144000 14.661719
3.148000 14.661719
3.152000 14.661719
3.156000 14.661719
3.160000 14.661719
3.164000 14.661719
3.168000 14.661719
3.172000 14.661719
3.176000 14.661719
3.180000 14.661719
3.184000 14.661719
3.188000 14.661719
3.192000 14.661719
3.196000 14.661719
3.200000 14.661719
3.204000 14.661719
3.208000 14.661719
3.212000 14.661719
3.216000 14.661719
3.220000 14.661719
3.224000 14.661719
3.228000 14.661719
3.232000 14.661719
3.236000 14.661719
3.240000 14.661719
3.244000 14.661719
3.248000 14.661719
3.252000 14.661719
3.256000 14.661719
3.260000 14.661719
3.264000 14.661719
3.268000 14.661719
3.272000 14.661719
3.276000 14.661719
3.280000 14.661719
3.284000 14.661719
3.288000 14.661719
3.292000 14.661719
3.296000 14.661719
3.300000 14.661719
3.304000 14.661719
3.308000 14.661719
3.312000 14.661719
3.316000 14.661719
3.320000 14.661719
3.324000 14.661719
3.328000 14.661719
3.332000 14.661719
3.336000 14.661719
3.340000 14.661719
3.344000 14.661719
3.348000 14.661719
3.352000 14.661719
3.356000 14.661719
3.360000 14.661719
3.364000 14.661719
3.368000 14.661719
3.372000 14.661719
3.376000 14.661719
3.380000 14.661719
3.384000 14.661719
3.388000 14.661719
3.392000 14.661719
3.396000 14.661719
3.400000 14.661719
3.404000 14.661719
3.408000 14.661719
3.412000 14.661719
3.416000 14.661719
3.420000 14.661719
3.424000 14.661719
3.428000 14.661719
3.432000 14.661719
3.436000 14.661719
3.440000 14.661719
3.444000 14.661719
3.448000 14.661719
3.452000 14.661719
3.456000 14.661719
3.460000 14.661719
3.464000 14.661719
3.468000 14.661719
3.472000 14.661719
3.476000 14.661719
3.480000 14.661719
3.484000 14.661719
3.488000 14.661719
3.492000 14.661719
3.496000 14.661719
3.500000 14.661719
3.504000 14.661719
3.508000 14.661719
3.512000 14.661719
3.516000 14.661719
3.520000 14.661719
3.524000 14.661719
3.528000 14.661719
3.532000 14.661719
3.536000 14.661719
3.540000 14.661719
3.544000 14.661719
3.548000 14.661719
3.552000 14.661719
3.556000 14.661719
3.560000 14.661719
3.564000 14.661719
3.568000 14.661719
3.572000 14.661719
3.576000 14.661719
3.580000 14.661719
3.584000 14.661719
3.588000 14.661719
3.592000 14.661719
3.596000 14.661719
3.600000 14.661719
3.604000 14.661719
3.608000 14.661719
3.612000 14.661719
3.616000 14.661719
3.620000 14.661719
3.624000 14.661719
3.628000 14.661719
3.632000 14.661719
3.636000 14.661719
3.640000 14.661719
3.644000 14.661719
3.648000 14.661719
3.652000 14.661719
3.656000 14.661719
3.660000 14.661719
3.664000 14.661719
3.668000 14.661719
3.672000 14.661719
3.676000 14.661719
3.680000 14.661719
3.684000 14.661719
3.688000 14.661719
3.692000 14.661719
3.696000 14.661719
3.700000 14.661719
3.704000 14.661719
3.708000 14.661719
3.712000 14.661719
3.716000 14.661719
3.720000 14.661719
3.724000 14.661719
3.728000 14.661719
3.732000 14.661719
3.736000 14.661719
3.740000 14.661719
3.744000 14.661719
3.748000 14.661719
3.752000 14.661719
3.756000 14.661719
3.760000 14.661719
3.764000 14.661719
3.768000 14.661719
3.772000 14.661719
3.776000 14.661719
3.780000 14.661719
3.784000 14.661719
3.788000 14.661719
3.792000 14.661719
3.796000 14.661719
3.800000 14.661719
3.804000 14.661719
3.808000 14.661719
3.812000 14.661719
3.816000 14.661719
3.820000 14.661719
3.824000 14.661719
3.828000 14.661719
3.832000 14.661719
3.836000 14.661719
3.840000 14.661719
3.844000 14.661719
3.848000 14.661719
3.852000 14.661719
3.856000 14.661719
3.860000 14.661719
3.864000 14.661719
3.868000 14.661719
3.872000 14.661719
3.876000 14.661719
3.880000 14.661719
3.884000 14.661719
3.888000 14.661719
3.892000 14.661719
3.896000 14.661719
3.900000 14.661719
3.904000 14.661719
3.908000 14.661719
3.912000 14.661719
3.916000 14.661719
3.920000 14.661719
3.924000 14.661719
3.928000 14.661719
3.932000 14.661719
3.936000 14.661719
3.940000 14.661719
3.944000 14.661719
3.948000 14.661719
3.952000 14.661719
3.956000 14.661719
3.960000 14.661719
3.964000 14.661719
3.968000 14.661719
3.972000 14.661719
3.976000 14.661719
3.980000 14.661719
3.984000 14.661719
3.988000 14.661719
3.992000 14.661719
3.996000 14.661719
4.000000 14.661719
4.004000 14.661719
4.008000 14.661719
4.012000 14.661719
4.016000 14.661719
4.020000 14.661719
4.024000 14.661719
4.028000 14.661719
4.032000 14.661719
4.036000 14.661719
4.040000 14.661719
4.044000 14.661719
4.048000 14.661719
4.052000 14.661719
4.056000 14.661719
4.060000 14.661719
4.064000 14.661719
4.068000 14.661719
4.072000 14.661719
4.076000 14.661719
4.080000 14.661719
4.084000 14.661719
4.088000 14.661719
4.092000 14.661719
4.096000 14.661719
4.100000 14.661719
4.104000 14.661719
4.108000 14.661719
4.112000 14.661719
4.116000 14.661719
4.120000 14.661719
4.124000 14.661719
4.128000 14.661719
4.132000 14.661719
4.136000 14.661719
4.140000 14.661719
4.144000 14.661719
4.148000 14.661719
4.152000 14.661719
4.156000 14.661719
4.160000 14.661719
4.164000 14.661719
4.168000 14.661719
4.172000 14.661719
4.176000 14.661719
4.180000 14.661719
4.184000 14.661719
4.188000 14.661719
4.192000 14.661719
4.196000 14.661719
4.200000 14.661719
4.204000 14.661719
4.208000 14.661719
4.212000 14.661719
4.216000 14.661719
4.220000 14.661719
4.224000 14.661719
4.228000 14.661719
4.232000 14.661719
4.236000 14.661719
4.240000 14.661719
4.244000 14.661719
4.248000 14.661719
4.252000 14.661719
4.256000 14.661719
4.260000 14.661719
4.264000 14.661719
4.268000 14.661719
4.272000 14.661719
4.276000 14.661719
4.280000 14.661719
4.284000 14.661719
4.288000 14.661719
4.292000 14.661719
4.296000 14.661719
4.300000 14.661719
4.304000 14.661719
4.308000 14.661719
4.312000 14.661719
4.316000 14.661719
4.320000 14.661719
4.324000 14.661719
4.328000 14.661719
4.332000 14.661719
4.336000 14.661719
4.340000 14.661719
4.344000 14.661719
4.348000 14.661719
4.352000 14.661719
4.356000 14.661719
4.360000 14.661719
4.364000 14.661719
4.368000 14.661719
4.372000 14.661719
4.376000 14.661719
4.380000 14.661719
4.384000 14.661719
4.388000 14.661719
4.392000 14.661719
4.396000 14.661719
4.400000 14.661719
4.404000 14.661719
4.408000 14.661719
4.412000 14.661719
4.416000 14.661719
4.420000 14.661719
4.424000 14.661719
4.428000 14.661719
4.432000 14.661719
4.436000 14.661719
4.440000 14.661719
4.444000 14.661719
4.448000 14.661719
4.452000 14.661719
4.456000 14.661719
4.460000 14.661719
4.464000 14.661719
4.468000 14.661719
4.472000 14.661719
4.476000 14.661719
4.480000 14.661719
4.484000 14.661719
4.488000 14.661719
4.492000 14.661719
4.496000 14.661719
4.500000 14.661719
4.504000 14.661719
4.508000 14.661719
4.512000 14.661719
4.516000 14.661719
4.520000 14.661719
4.524000 14.661719
4.528000 14.661719
4.532000 14.661719
4.536000 14.661719
4.540000 14.661719
4.544000 14.661719
4.548000 14.661719
4.552000 14.661719
4.556000 14.661719
4.560000 14.661719
4.564000 14.661719
4.568000 14.661719
4.572000 14.661719
4.576000 14.661719
4.580000 14.661719
4.584000 14.661719
4.588000 14.661719
4.592000 14.661719
4.596000 14.661719
4.600000 14.661719
4.604000 14.661719
4.608000 14.661719
4.612000 14.661719
4.616000 14.661719
4.620000 14.661719
4.624000 14.661719
4.628000 14.661719
4.632000 14.661719
4.636000 14.661719
4.640000 14.661719
4.644000 14.661719
4.648000 14.661719
4.652000 14.661719
4.656000 14.661719
4.660000 14.661719
4.664000 14.661719
4.668000 14.661719
4.672000 14.661719
4.676000 14.661719
4.680000 14.661719
4.684000 14.661719
4.688000 14.661719
4.692000 14.661719
4.696000 14.661719
4.700000 14.661719
4.704000 14.661719
4.708000 14.661719
4.712000 14.661719
4.716000 14.661719
4.720000 14.661719
4.724000 14.661719
4.728000 14.661719
4.732000 14.661719
4.736000 14.661719
4.740000 14.661719
4.744000 14.661719
4.748000 14.661719
4.752000 14.661719
4.756000 14.661719
4.760000 14.661719
4.764000 14.661719
4.768000 14.661719
4.772000 14.661719
4.776000 14.661719
4.780000 14.661719
4.784000 14.661719
4.788000 14.661719
4.792000 14.661719
4.796000 14.661719
4.800000 14.661719
4.804000 14.661719
4.808000 14.661719
4.812000 14.661719
4.816000 14.661719
4.820000 14.661719
4.824000 14.661719
4.828000 14.661719
4.832000 14.661719
4.836000 14.661719
4.840000 14.661719
4.844000 14.661719
4.848000 14.661719
4.852000 14.661719
4.856000 14.661719
4.860000 14.661719
4.864000 14.661719
4.868000 14.661719
4.872000 14.661719
4.876000 14.661719
4.880000 14.661719
4.884000 14.661719
4.888000 14.661719
4.892000 14.661719
4.896000 14.661719
4.900000 14.661719
4.904000 14.661719
4.908000 14.661719
4.912000 14.661719
4.916000 14.661719
4.920000 14.661719
4.924000 14.661719
4.928000 14.661719
4.932000 14.661719
4.936000 14.661719
4.940000 14.661719
4.944000 14.661719
4.948000 14.661719
4.952000 14.661719
4.956000 14.661719
4.960000 14.661719
4.964000 14.661719
4.968000 14.661719
4.972000 14.661719
4.976000 14.661719
4.980000 14.661719
4.984000 14.661719
4.988000 14.661719
4.992000 14.661719
4.996000 14.661719
