0.012000 -39.208436
0.016000 -14.160780
0.020000 -2.090877
0.024000 4.699590
0.028000 8.639462
0.032000 11.012306
0.036000 12.664547
0.040000 13.773439
0.044000 14.511052
0.048000 15.173976
0.052000 15.590151
0.056000 15.823875
0.060000 16.030224
0.064000 16.225002
0.068000 16.392296
0.072000 16.580294
0.076000 16.709601
0.080000 16.861217
0.084000 16.907552
0.088000 17.034619
0.092000 17.194061
0.096000 17.288428
0.100000 17.326757
0.104000 17.357656
0.108000 17.346545
0.112000 17.352864
0.116000 17.301589
0.120000 17.305426
0.124000 17.342445
0.128000 17.371552
0.132000 17.446791
0.136000 17.428190
0.140000 17.393135
0.144000 17.469325
0.148000 17.593428
0.152000 17.586168
0.156000 17.538166
0.160000 17.639042
0.164000 17.739177
0.168000 17.705908
0.172000 17.704461
0.176000 17.788663
0.180000 17.771023
0.184000 17.716027
0.188000 17.652844
0.192000 17.662031
0.196000 17.669926
0.200000 17.659311
0.204000 17.677569
0.208000 17.734329
0.212000 17.866587
0.216000 17.996979
0.220000 17.994263
0.224000 17.969212
0.228000 17.905752
0.232000 17.850256
0.236000 17.872124
0.240000 17.860729
0.244000 17.824638
0.248000 17.882486
0.252000 17.894714
0.256000 17.874541
0.260000 17.882389
0.264000 17.947909
0.268000 18.066664
0.272000 18.119557
0.276000 18.071492
0.280000 18.006729
0.284000 18.023442
0.288000 18.102880
0.292000 18.082910
0.296000 17.955874
0.300000 17.958282
0.304000 18.033671
0.308000 18.143939
0.312000 18.141657
0.316000 18.108147
0.320000 18.167580
0.324000 18.233016
0.328000 18.228133
0.332000 18.081881
0.336000 17.960717
0.340000 17.919722
0.344000 17.888409
0.348000 17.864922
0.352000 17.883430
0.356000 17.937572
0.360000 17.955912
0.364000 18.001309
0.368000 18.071503
0.372000 18.083202
0.376000 18.061457
0.380000 18.051120
0.384000 18.178992
0.388000 18.247964
0.392000 18.180339
0.396000 18.195501
0.400000 18.258561
0.404000 18.213384
0.408000 18.138204
0.412000 18.059561
0.416000 17.970180
0.420000 18.022426
0.424000 18.010109
0.428000 17.924177
0.432000 17.923873
0.436000 17.969912
0.440000 17.947968
0.444000 17.966558
0.448000 17.978052
0.452000 17.944142
0.456000 18.015953
0.460000 18.099839
0.464000 18.133175
0.468000 18.184012
0.472000 18.178486
0.476000 18.178653
0.480000 18.199087
0.484000 18.145045
0.488000 18.100329
0.492000 18.062566
0.496000 18.050604
0.500000 18.007398
0.504000 18.024364
0.508000 18.035029
0.512000 18.022652
0.516000 17.993196
0.520000 18.026578
0.524000 18.072715
0.528000 18.154244
0.532000 18.123962
0.536000 18.160591
0.540000 18.170926
0.544000 18.180825
0.548000 18.238674
0.552000 18.200078
0.556000 18.121653
0.560000 18.059282
0.564000 18.119704
0.568000 18.155951
0.572000 18.159660
0.576000 18.218749
0.580000 18.212978
0.584000 18.169816
0.588000 18.147944
0.592000 18.178340
0.596000 18.207375
0.600000 18.240575
0.604000 18.254037
0.608000 18.241751
0.612000 18.175130
0.616000 18.254095
0.620000 18.305097
0.624000 18.195043
0.628000 18.065276
0.632000 18.063202
0.636000 18.104413
0.640000 18.094154
0.644000 18.133745
0.648000 18.109980
0.652000 18.083782
0.656000 18.101108
0.660000 18.032070
0.664000 18.031766
0.668000 18.018021
0.672000 18.023109
0.676000 18.011169
0.680000 18.014667
0.684000 18.058154
0.688000 18.078342
0.692000 18.076414
0.696000 18.055245
0.700000 17.987566
0.704000 17.955685
0.708000 18.029800
0.712000 18.031368
0.716000 18.039210
0.720000 18.109651
0.724000 18.147511
0.728000 18.232761
0.732000 18.208657
0.736000 18.161171
0.740000 18.164155
0.744000 18.202431
0.748000 18.201260
0.752000 18.202303
0.756000 18.230092
0.760000 18.275446
0.764000 18.272177
0.768000 18.199694
0.772000 18.232048
0.776000 18.232528
0.780000 18.269484
0.784000 18.218231
0.788000 18.142740
0.792000 18.118464
0.796000 18.041636
0.800000 18.045150
0.804000 18.082576
0.808000 18.188092
0.812000 18.224382
0.816000 18.201635
0.820000 18.121674
0.824000 18.018219
0.828000 18.068464
0.832000 18.155435
0.836000 18.230794
0.840000 18.215260
0.844000 18.171057
0.848000 18.162658
0.852000 18.227715
0.856000 18.266596
0.860000 18.231414
0.864000 18.191305
0.868000 18.098550
0.872000 18.198442
0.876000 18.245870
0.880000 18.233442
0.884000 18.240280
0.888000 18.159630
0.892000 18.162642
0.896000 18.242774
0.900000 18.231593
0.904000 18.189625
0.908000 18.170142
0.912000 18.214149
0.916000 18.206218
0.920000 18.077459
0.924000 17.997825
0.928000 18.110698
0.932000 18.183132
0.936000 18.207105
0.940000 18.174569
0.944000 18.169911
0.948000 18.154845
0.952000 18.202096
0.956000 18.214879
0.960000 18.285433
0.964000 18.315143
0.968000 18.238888
0.972000 18.213071
0.976000 18.194595
0.980000 18.248049
0.984000 18.402937
0.988000 18.429168
0.992000 18.387680
0.996000 18.414869
1.000000 18.411261
1.004000 18.388091
1.008000 18.409846
1.012000 18.344822
1.016000 18.292286
1.020000 18.230689
1.024000 18.287841
1.028000 18.332782
1.032000 18.308288
1.036000 18.232232
1.040000 18.216924
1.044000 18.314107
1.048000 18.459490
1.052000 18.456296
1.056000 18.440181
1.060000 18.433331
1.064000 18.425935
1.068000 18.397299
1.072000 18.339010
1.076000 18.362463
1.080000 18.372316
1.084000 18.393483
1.088000 18.440667
1.092000 18.319257
1.096000 18.161491
1.100000 18.109679
1.104000 18.211354
1.108000 18.376398
1.112000 18.322983
1.116000 18.249386
1.120000 18.240896
1.124000 18.268864
1.128000 18.399466
1.132000 18.463364
1.136000 18.470449
1.140000 18.413086
1.144000 18.387942
1.148000 18.402034
1.152000 18.330642
1.156000 18.228791
1.160000 18.185173
1.164000 18.188279
1.168000 18.237125
1.172000 18.302189
1.176000 18.291017
1.180000 18.233282
1.184000 18.170868
1.188000 18.166677
1.192000 18.211075
1.196000 18.228138
1.200000 18.210428
1.204000 18.247646
1.208000 18.306185
1.212000 18.300067
1.216000 18.288354
1.220000 18.313646
1.224000 18.265181
1.228000 18.243837
1.232000 18.251610
1.236000 18.211258
1.240000 18.246360
1.244000 18.256490
1.248000 18.253657
1.252000 18.241479
1.256000 18.286590
1.260000 18.346379
1.264000 18.389494
1.268000 18.393720
1.272000 18.321650
1.276000 18.322979
1.280000 18.272475
1.284000 18.197410
1.288000 18.213368
1.292000 18.222300
1.296000 18.177914
1.300000 18.167122
1.304000 18.187009
1.308000 18.214076
1.312000 18.208078
1.316000 18.214144
1.320000 18.214351
1.324000 18.250580
1.328000 18.309529
1.332000 18.273115
1.336000 18.231048
1.340000 18.221923
1.344000 18.188976
1.348000 18.166137
1.352000 18.199933
1.356000 18.256502
1.360000 18.221900
1.364000 18.214093
1.368000 18.283115
1.372000 18.302198
1.376000 18.295702
1.380000 18.288867
1.384000 18.352320
1.388000 18.409544
1.392000 18.404185
1.396000 18.334464
1.400000 18.297389
1.404000 18.308198
1.408000 18.378414
1.412000 18.357737
1.416000 18.305252
1.420000 18.328668
1.424000 18.322423
1.428000 18.338379
1.432000 18.316997
1.436000 18.313064
1.440000 18.318147
1.444000 18.338050
1.448000 18.352079
1.452000 18.450609
1.456000 18.441517
1.460000 18.438189
1.464000 18.440909
1.468000 18.455962
1.472000 18.455680
1.476000 18.473350
1.480000 18.408065
1.484000 18.385145
1.488000 18.307821
1.492000 18.289557
1.496000 18.343832
1.500000 18.367832
1.504000 18.338646
1.508000 18.361001
1.512000 18.348482
1.516000 18.347923
1.520000 18.386419
1.524000 18.427501
1.528000 18.475762
1.532000 18.530239
1.536000 18.521074
1.540000 18.540724
1.544000 18.559839
1.548000 18.553774
1.552000 18.557578
1.556000 18.626997
1.560000 18.668653
1.564000 18.598185
1.568000 18.558334
1.572000 18.476742
1.576000 18.389418
1.580000 18.359368
1.584000 18.429304
1.588000 18.463192
1.592000 18.525107
1.596000 18.578329
1.600000 18.566746
1.604000 18.491528
1.608000 18.392029
1.612000 18.376063
1.616000 18.347274
1.620000 18.305180
1.624000 18.332884
1.628000 18.321838
1.632000 18.306296
1.636000 18.330493
1.640000 18.375960
1.644000 18.423059
1.648000 18.395013
1.652000 18.359590
1.656000 18.332753
1.660000 18.396518
1.664000 18.512345
1.668000 18.520320
1.672000 18.523006
1.676000 18.484875
1.680000 18.443558
1.684000 18.423866
1.688000 18.460130
1.692000 18.553884
1.696000 18.558956
1.700000 18.448603
1.704000 18.332934
1.708000 18.296810
1.712000 18.388172
1.716000 18.442111
1.720000 18.355540
1.724000 18.258036
1.728000 18.331815
1.732000 18.382516
1.736000 18.293215
1.740000 18.277238
1.744000 18.338659
1.748000 18.368658
1.752000 18.384561
1.756000 18.366156
1.760000 18.258254
1.764000 18.232519
1.768000 18.292326
1.772000 18.370471
1.776000 18.363488
1.780000 18.258097
1.784000 18.195191
1.788000 18.141609
1.792000 18.112531
1.796000 18.213355
1.800000 18.331279
1.804000 18.338729
1.808000 18.374848
1.812000 18.418595
1.816000 18.474598
1.820000 18.499586
1.824000 18.461962
1.828000 18.416838
1.832000 18.369717
1.836000 18.291192
1.840000 18.223918
1.844000 18.184367
1.848000 18.184084
1.852000 18.227141
1.856000 18.313479
1.860000 18.386460
1.864000 18.382240
1.868000 18.276530
1.872000 18.291879
1.876000 18.398083
1.880000 18.374100
1.884000 18.370451
1.888000 18.395982
1.892000 18.382133
1.896000 18.313501
1.900000 18.291134
1.904000 18.338747
1.908000 18.309346
1.912000 18.277569
1.916000 18.289906
1.920000 18.221547
1.924000 18.214920
1.928000 18.248899
1.932000 18.227895
1.936000 18.274589
1.940000 18.250191
1.944000 18.231064
1.948000 18.262505
1.952000 18.254944
1.956000 18.319974
1.960000 18.371101
1.964000 18.425242
1.968000 18.446053
1.972000 18.393309
1.976000 18.386438
1.980000 18.397643
1.984000 18.330052
1.988000 18.310396
1.992000 18.309203
1.996000 18.319236
2.000000 18.311097
2.004000 18.350376
2.008000 18.361194
2.012000 18.385554
2.016000 18.410953
2.020000 18.431306
2.024000 18.440579
2.028000 18.425581
2.032000 18.375243
2.036000 18.413958
2.040000 18.353063
2.044000 18.338873
2.048000 18.365149
2.052000 18.424889
2.056000 18.451819
2.060000 18.499538
2.064000 18.523378
2.068000 18.502592
2.072000 18.492012
2.076000 18.478036
2.080000 18.451436
2.084000 18.440024
2.088000 18.419991
2.092000 18.467976
2.096000 18.471446
2.100000 18.415383
2.104000 18.333470
2.108000 18.279654
2.112000 18.389934
2.116000 18.401165
2.120000 18.341443
2.124000 18.335308
2.128000 18.326133
2.132000 18.318957
2.136000 18.417848
2.140000 18.392875
2.144000 18.308157
2.148000 18.209062
2.152000 18.250453
2.156000 18.332294
2.160000 18.393818
2.164000 18.349683
2.168000 18.325798
2.172000 18.363687
2.176000 18.436977
2.180000 18.495685
2.184000 18.472580
2.188000 18.496904
2.192000 18.507037
2.196000 18.514459
2.200000 18.548310
2.204000 18.538362
2.208000 18.553102
2.212000 18.498787
2.216000 18.502870
2.220000 18.566322
2.224000 18.489868
2.228000 18.426277
2.232000 18.354514
2.236000 18.391305
2.240000 18.457314
2.244000 18.532890
2.248000 18.543757
2.252000 18.557268
2.256000 18.487347
2.260000 18.384488
2.264000 18.267050
2.268000 18.292771
2.272000 18.361170
2.276000 18.464326
2.280000 18.491135
2.284000 18.477034
2.288000 18.413727
2.292000 18.392357
2.296000 18.320312
2.300000 18.296537
2.304000 18.355349
2.308000 18.351955
2.312000 18.326214
2.316000 18.411263
2.320000 18.432107
2.324000 18.324830
2.328000 18.337041
2.332000 18.340335
2.336000 18.368592
2.340000 18.443019
2.344000 18.404506
2.348000 18.373800
2.352000 18.419643
2.356000 18.436757
2.360000 18.453997
2.364000 18.503465
2.368000 18.518896
2.372000 18.492183
2.376000 18.484444
2.380000 18.403848
2.384000 18.338215
2.388000 18.304777
2.392000 18.335550
2.396000 18.402041
2.400000 18.400943
2.404000 18.381773
2.408000 18.403275
2.412000 18.387727
2.416000 18.410270
2.420000 18.389087
2.424000 18.348388
2.428000 18.306489
2.432000 18.300049
2.436000 18.241870
2.440000 18.172471
2.444000 18.218483
2.448000 18.275135
2.452000 18.331868
2.456000 18.401840
2.460000 18.437751
2.464000 18.435235
2.468000 18.464176
2.472000 18.480880
2.476000 18.460200
2.480000 18.456200
2.484000 18.422577
2.488000 18.438401
2.492000 18.502357
2.496000 18.464578
2.500000 18.388421
2.504000 18.427727
2.508000 18.522201
2.512000 18.558050
2.516000 18.509306
2.520000 18.469966
2.524000 18.477549
2.528000 18.475540
2.532000 18.504386
2.536000 18.478027
2.540000 18.518625
2.544000 18.496925
2.548000 18.452841
2.552000 18.460177
2.556000 18.493156
2.560000 18.524848
2.564000 18.515418
2.568000 18.446435
2.572000 18.377387
2.576000 18.350037
2.580000 18.354876
2.584000 18.355311
2.588000 18.345908
2.592000 18.318163
2.596000 18.336574
2.600000 18.357991
2.604000 18.374791
2.608000 18.371479
2.612000 18.465475
2.616000 18.523616
2.620000 18.505984
2.624000 18.439089
2.628000 18.418309
2.632000 18.451155
2.636000 18.476722
2.640000 18.378329
2.644000 18.396886
2.648000 18.532329
2.652000 18.616919
2.656000 18.648457
2.660000 18.564221
2.664000 18.597988
2.668000 18.598276
2.672000 18.628912
2.676000 18.643060
2.680000 18.641486
2.684000 18.587340
2.688000 18.501405
2.692000 18.513181
2.696000 18.493239
2.700000 18.499985
2.704000 18.547623
2.708000 18.515724
2.712000 18.397099
2.716000 18.334985
2.720000 18.340515
2.724000 18.375406
2.728000 18.398054
2.732000 18.457384
2.736000 18.533792
2.740000 18.458164
2.744000 18.451134
2.748000 18.431232
2.752000 18.427786
2.756000 18.455760
2.760000 18.460034
2.764000 18.525834
2.768000 18.576062
2.772000 18.554012
2.776000 18.481805
2.780000 18.462635
2.784000 18.414100
2.788000 18.469572
2.792000 18.496357
2.796000 18.519740
2.800000 18.486409
2.804000 18.448579
2.808000 18.437218
2.812000 18.395755
2.816000 18.514531
2.820000 18.612529
2.824000 18.600060
2.828000 18.538264
2.832000 18.547509
2.836000 18.559683
2.840000 18.511607
2.844000 18.400179
2.848000 18.417698
2.852000 18.414269
2.856000 18.422896
2.860000 18.405095
2.864000 18.440008
2.868000 18.466007
2.872000 18.492457
2.876000 18.483072
2.880000 18.377589
2.884000 18.406132
2.888000 18.494065
2.892000 18.456753
2.896000 18.404953
2.900000 18.431752
2.904000 18.533512
2.908000 18.622577
2.912000 18.622662
2.916000 18.493308
2.920000 18.458341
2.924000 18.463679
2.928000 18.540158
2.932000 18.575412
2.936000 18.637225
2.940000 18.692793
2.944000 18.712331
2.948000 18.706611
2.952000 18.691074
2.956000 18.676951
2.960000 18.679931
2.964000 18.719745
2.968000 18.630171
2.972000 18.565613
2.976000 18.597613
2.980000 18.633499
2.984000 18.644689
2.988000 18.573939
2.992000 18.574670
2.996000 18.613494
3.000000 18.579948
3.004000 18.561028
3.008000 18.547745
3.012000 18.539161
3.016000 18.559825
3.020000 18.626963
3.024000 18.624311
3.028000 18.616093
3.032000 18.610753
3.036000 18.603516
3.040000 18.573384
3.044000 18.558447
3.048000 18.565872
3.052000 18.593130
3.056000 18.629183
3.060000 18.646784
3.064000 18.606558
3.068000 18.545477
3.072000 18.538103
3.076000 18.527337
3.080000 18.558463
3.084000 18.600633
3.088000 18.542588
3.092000 18.494397
3.096000 18.458330
3.100000 18.611217
3.104000 18.733646
3.108000 18.735202
3.112000 18.663703
3.116000 18.625217
3.120000 18.619440
3.124000 18.621349
3.128000 18.661635
3.132000 18.672689
3.136000 18.627326
3.140000 18.608693
3.144000 18.584223
3.148000 18.535061
3.152000 18.476366
3.156000 18.438311
3.160000 18.507313
3.164000 18.607422
3.168000 18.623640
3.172000 18.627406
3.176000 18.597852
3.180000 18.514107
3.184000 18.470043
3.188000 18.418372
3.192000 18.419872
3.196000 18.365790
3.200000 18.428873
3.204000 18.521033
3.208000 18.583622
3.212000 18.618491
3.216000 18.551197
3.220000 18.511463
3.224000 18.488452
3.228000 18.514875
3.232000 18.559196
3.236000 18.506628
3.240000 18.442677
3.244000 18.483276
3.248000 18.493759
3.252000 18.501708
3.256000 18.553587
3.260000 18.613300
3.264000 18.621670
3.268000 18.604127
3.272000 18.603475
3.276000 18.556899
3.280000 18.453381
3.284000 18.437324
3.288000 18.532287
3.292000 18.609170
3.296000 18.592761
3.300000 18.548921
3.304000 18.555584
3.308000 18.486060
3.312000 18.386226
3.316000 18.362269
3.320000 18.369357
3.324000 18.400678
3.328000 18.496982
3.332000 18.549571
3.336000 18.509318
3.340000 18.485667
3.344000 18.456226
3.348000 18.374645
3.352000 18.339634
3.356000 18.381016
3.360000 18.395391
3.364000 18.394946
3.368000 18.346995
3.372000 18.311116
3.376000 18.332490
3.380000 18.363204
3.384000 18.353473
3.388000 18.288388
3.392000 18.274314
3.396000 18.268541
3.400000 18.442688
3.404000 18.450592
3.408000 18.382527
3.412000 18.410623
3.416000 18.412558
3.420000 18.441236
3.424000 18.391861
3.428000 18.383354
3.432000 18.405091
3.436000 18.502932
3.440000 18.478852
3.444000 18.463506
3.448000 18.516610
3.452000 18.464984
3.456000 18.461654
3.460000 18.457213
3.464000 18.367600
3.468000 18.321257
3.472000 18.372725
3.476000 18.479294
3.480000 18.538883
3.484000 18.535100
3.488000 18.572354
3.492000 18.658673
3.496000 18.619854
3.500000 18.478643
3.504000 18.406765
3.508000 18.422390
3.512000 18.481415
3.516000 18.500510
3.520000 18.497318
3.524000 18.504981
3.528000 18.495820
3.532000 18.507889
3.536000 18.482025
3.540000 18.415091
3.544000 18.448341
3.548000 18.433321
3.552000 18.476784
3.556000 18.483816
3.560000 18.425321
3.564000 18.411418
3.568000 18.448380
3.572000 18.370880
3.576000 18.378022
3.580000 18.381464
3.584000 18.440628
3.588000 18.574765
3.592000 18.595269
3.596000 18.551362
3.600000 18.539898
3.604000 18.495845
3.608000 18.522080
3.612000 18.550216
3.616000 18.497122
3.620000 18.444847
3.624000 18.499937
3.628000 18.556456
3.632000 18.556425
3.636000 18.580660
3.640000 18.575898
3.644000 18.525308
3.648000 18.405265
3.652000 18.471581
3.656000 18.485090
3.660000 18.486400
3.664000 18.377903
3.668000 18.330803
3.672000 18.343392
3.676000 18.367586
3.680000 18.456504
3.684000 18.514012
3.688000 18.532449
3.692000 18.600108
3.696000 18.542485
3.700000 18.493543
3.704000 18.471145
3.708000 18.487107
3.712000 18.500252
3.716000 18.536906
3.720000 18.532254
3.724000 18.544645
3.728000 18.506200
3.732000 18.437318
3.736000 18.406464
3.740000 18.424563
3.744000 18.484313
3.748000 18.507755
3.752000 18.461792
3.756000 18.536965
3.760000 18.616398
3.764000 18.684721
3.768000 18.717013
3.772000 18.702229
3.776000 18.642982
3.780000 18.547232
3.784000 18.481140
3.788000 18.472851
3.792000 18.440183
3.796000 18.442330
3.800000 18.438494
3.804000 18.437291
3.808000 18.397243
3.812000 18.453492
3.816000 18.482528
3.820000 18.405115
3.824000 18.277156
3.828000 18.279182
3.832000 18.439377
3.836000 18.446071
3.840000 18.372042
3.844000 18.306352
3.848000 18.308647
3.852000 18.352223
3.856000 18.428145
3.860000 18.530774
3.864000 18.591635
3.868000 18.586491
3.872000 18.559712
3.876000 18.510866
3.880000 18.427983
3.884000 18.418576
3.888000 18.398359
3.892000 18.382297
3.896000 18.375528
3.900000 18.422163
3.904000 18.472115
3.908000 18.506977
3.912000 18.516181
3.916000 18.477122
3.920000 18.404153
3.924000 18.472699
3.928000 18.534552
3.932000 18.436760
3.936000 18.327651
3.940000 18.381120
3.944000 18.497724
3.948000 18.502230
3.952000 18.483930
3.956000 18.474136
3.960000 18.509479
3.964000 18.462056
3.968000 18.434684
3.972000 18.396957
3.976000 18.396026
3.980000 18.412750
3.984000 18.423312
3.988000 18.502581
3.992000 18.552644
3.996000 18.486890
4.000000 18.382629
4.004000 18.410165
4.008000 18.556472
4.012000 18.602240
4.016000 18.589040
4.020000 18.587775
4.024000 18.600753
4.028000 18.597916
4.032000 18.543168
4.036000 18.574958
4.040000 18.566571
4.044000 18.641222
4.048000 18.639806
4.052000 18.579331
4.056000 18.526480
4.060000 18.500166
4.064000 18.467744
4.068000 18.456514
4.072000 18.456038
4.076000 18.394084
4.080000 18.333875
4.084000 18.359844
4.088000 18.411470
4.092000 18.446578
4.096000 18.441616
4.100000 18.491556
4.104000 18.545365
4.108000 18.552203
4.112000 18.443179
4.116000 18.469472
4.120000 18.400983
4.124000 18.400954
4.128000 18.450289
4.132000 18.486847
4.136000 18.418053
4.140000 18.250441
4.144000 18.261690
4.148000 18.308149
4.152000 18.352314
4.156000 18.361674
4.160000 18.335715
4.164000 18.308292
4.168000 18.352094
4.172000 18.338795
4.176000 18.342855
4.180000 18.425790
4.184000 18.467952
4.188000 18.502589
4.192000 18.558267
4.196000 18.623594
4.200000 18.613096
4.204000 18.560927
4.208000 18.499610
4.212000 18.492132
4.216000 18.422350
4.220000 18.373111
4.224000 18.456584
4.228000 18.449089
4.232000 18.444951
4.236000 18.374642
4.240000 18.302672
4.244000 18.298272
4.248000 18.307726
4.252000 18.309900
4.256000 18.328635
4.260000 18.379214
4.264000 18.409779
4.268000 18.466482
4.272000 18.397475
4.276000 18.324536
4.280000 18.383050
4.284000 18.425974
4.288000 18.403756
4.292000 18.357853
4.296000 18.318322
4.300000 18.319041
4.304000 18.345834
4.308000 18.321252
4.312000 18.371509
4.316000 18.386627
4.320000 18.389431
4.324000 18.431147
4.328000 18.433177
4.332000 18.459122
4.336000 18.469242
4.340000 18.441914
4.344000 18.382182
4.348000 18.354990
4.352000 18.297707
4.356000 18.294891
4.360000 18.398062
4.364000 18.391673
4.368000 18.310007
4.372000 18.361867
4.376000 18.429135
4.380000 18.495393
4.384000 18.469682
4.388000 18.383535
4.392000 18.417945
4.396000 18.506520
4.400000 18.496092
4.404000 18.456382
4.408000 18.436701
4.412000 18.432748
4.416000 18.397827
4.420000 18.434874
4.424000 18.531055
4.428000 18.568946
4.432000 18.524728
4.436000 18.522075
4.440000 18.600536
4.444000 18.583160
4.448000 18.531822
4.452000 18.499398
4.456000 18.506207
4.460000 18.376906
4.464000 18.401654
4.468000 18.464329
4.472000 18.447995
4.476000 18.457801
4.480000 18.444080
4.484000 18.490586
4.488000 18.515749
4.492000 18.468415
4.496000 18.406002
4.500000 18.399251
4.504000 18.418995
4.508000 18.431181
4.512000 18.339404
4.516000 18.317720
4.520000 18.407038
4.524000 18.469486
4.528000 18.499393
4.532000 18.419126
4.536000 18.383313
4.540000 18.345836
4.544000 18.370894
4.548000 18.442027
4.552000 18.410924
4.556000 18.477264
4.560000 18.510489
4.564000 18.582186
4.568000 18.621734
4.572000 18.637949
4.576000 18.665179
4.580000 18.544953
4.584000 18.414615
4.588000 18.331324
4.592000 18.261302
4.596000 18.359452
4.600000 18.462964
4.604000 18.469622
4.608000 18.460454
4.612000 18.421656
4.616000 18.390837
4.620000 18.422082
4.624000 18.394240
4.628000 18.326733
4.632000 18.297754
4.636000 18.250928
4.640000 18.248383
4.644000 18.276965
4.648000 18.322904
4.652000 18.344892
4.656000 18.402363
4.660000 18.434678
4.664000 18.437865
4.668000 18.435731
4.672000 18.371702
4.676000 18.422323
4.680000 18.464948
4.684000 18.453248
4.688000 18.400550
4.692000 18.384216
4.696000 18.402293
4.700000 18.418396
4.704000 18.385263
4.708000 18.325378
4.712000 18.313507
4.716000 18.399904
4.720000 18.457760
4.724000 18.418821
4.728000 18.367291
4.732000 18.348783
4.736000 18.363994
4.740000 18.353572
4.744000 18.385875
4.748000 18.398650
4.752000 18.407220
4.756000 18.379645
4.760000 18.296103
4.764000 18.261783
4.768000 18.305590
4.772000 18.414298
4.776000 18.477428
4.780000 18.405777
4.784000 18.392020
4.788000 18.380913
4.792000 18.393293
4.796000 18.381028
4.800000 18.334349
4.804000 18.312145
4.808000 18.331286
4.812000 18.410935
4.816000 18.436910
4.820000 18.433674
4.824000 18.423274
4.828000 18.462391
4.832000 18.516193
4.836000 18.511769
4.840000 18.487181
4.844000 18.458139
4.848000 18.382293
4.852000 18.288151
4.856000 18.316294
4.860000 18.473015
4.864000 18.545341
4.868000 18.429236
4.872000 18.325181
4.876000 18.364116
4.880000 18.406204
4.884000 18.477104
4.888000 18.468745
4.892000 18.430158
4.896000 18.434851
4.900000 18.434466
4.904000 18.431953
4.908000 18.482692
4.912000 18.559241
4.916000 18.521873
4.920000 18.500017
4.924000 18.472719
4.928000 18.462211
4.932000 18.529788
4.936000 18.534277
4.940000 18.499938
4.944000 18.483092
4.948000 18.435482
4.952000 18.425434
4.956000 18.465507
4.960000 18.465497
4.964000 18.494492
4.968000 18.510252
4.972000 18.508850
4.976000 18.522129
4.980000 18.566821
4.984000 18.496275
4.988000 18.470493
4.992000 18.459418
4.996000 18.463608
