300	1.03351869572291E-18
300.2	1.03541113516044E-18
300.4	1.0354289322662E-18
300.6	1.03370830974378E-18
300.8	1.03234932607635E-18
301	1.03096493579438E-18
301.2	1.02917038043997E-18
301.4	1.02756177988614E-18
301.6	1.02586843517695E-18
301.8	1.02387241491943E-18
302	1.02196641974123E-18
302.2	1.02029557090298E-18
302.4	1.01845517136628E-18
302.6	1.01678825202993E-18
302.8	1.01522794899909E-18
303	1.01324255294927E-18
303.2	1.0112563460518E-18
303.4	1.00899546910094E-18
303.6	1.00663990988158E-18
303.8	1.00473214746839E-18
304	1.00308992785425E-18
304.2	1.00128098511933E-18
304.4	9.99686335338101E-19
304.6	9.98490748226564E-19
304.8	9.96900485347323E-19
305	9.94855294348203E-19
305.2	9.93024812126882E-19
305.4	9.91208550954193E-19
305.6	9.88813301695111E-19
305.8	9.8660548340618E-19
306	9.84746974900525E-19
306.2	9.82720849260494E-19
306.4	9.81070063747455E-19
306.6	9.7975162255176E-19
306.8	9.78017880904941E-19
307	9.76131554022822E-19
307.2	9.74449748321505E-19
307.4	9.72558265268528E-19
307.6	9.70684932771664E-19
307.8	9.69359547377943E-19
308	9.68406986399541E-19
308.2	9.67020932837912E-19
308.4	9.65364679288036E-19
308.6	9.636313950441E-19
308.8	9.61211113407424E-19
309	9.58555394359784E-19
309.2	9.56299278550654E-19
309.4	9.54424844129549E-19
309.6	9.52781335469911E-19
309.8	9.50994119339854E-19
310	9.49113988181865E-19
310.2	9.47534328720927E-19
310.4	9.45938244357292E-19
310.6	9.44030149288725E-19
310.8	9.42489680883049E-19
311	9.40922745517377E-19
311.2	9.38579931191043E-19
311.4	9.36466441720267E-19
311.6	9.34794906779088E-19
311.8	9.33003636405207E-19
312	9.31298170532157E-19
312.2	9.30027798153819E-19
312.4	9.2838537062903E-19
312.6	9.26480810030438E-19
312.8	9.2491354201218E-19
313	9.22783066283289E-19
313.2	9.20407734815305E-19
313.4	9.18435541055808E-19
313.6	9.1660788640935E-19
313.8	9.1470361689014E-19
314	9.13186642324324E-19
314.2	9.11613885479836E-19
314.4	9.09411452061802E-19
314.6	9.07070862373338E-19
314.8	9.05074239176032E-19
315	9.03279579866285E-19
315.2	9.01395165758841E-19
315.4	8.99660384558743E-19
315.6	8.97807385671497E-19
315.8	8.95380263792118E-19
316	8.93437031914901E-19
316.2	8.92027754789448E-19
316.4	8.90288940134914E-19
316.6	8.88757037628142E-19
316.8	8.87597107101884E-19
317	8.86150697232745E-19
317.2	8.84543427305993E-19
317.4	8.83063502323502E-19
317.6	8.81356352381395E-19
317.8	8.79626810518087E-19
318	8.77764310133985E-19
318.2	8.75764984106531E-19
318.4	8.73416202761687E-19
318.6	8.71480060616604E-19
318.8	8.69912397566424E-19
319	8.68087321008179E-19
319.2	8.65914930598898E-19
319.4	8.64063802901966E-19
319.6	8.62140821468428E-19
319.8	8.59832665758463E-19
320	8.57707013547837E-19
320.2	8.55405344633014E-19
320.4	8.53295971782603E-19
320.6	8.51334734886169E-19
320.8	8.49109930341902E-19
321	8.46534942790163E-19
321.2	8.44675436315588E-19
321.4	8.4316798403322E-19
321.6	8.41397941279748E-19
321.8	8.3972199864439E-19
322	8.38586455977154E-19
322.2	8.3745355376631E-19
322.4	8.3585268747155E-19
322.6	8.34125058380126E-19
322.8	8.32086395760502E-19
323	8.30056402992319E-19
323.2	8.28120260847228E-19
323.4	8.26008039629767E-19
323.6	8.23903656621127E-19
323.8	8.22136254326834E-19
324	8.20351678655951E-19
324.2	8.17959069856038E-19
324.4	8.15279046115297E-19
324.6	8.1290695804627E-19
324.8	8.10674211332269E-19
325	8.08381066731982E-19
325.2	8.06532142883523E-19
325.4	8.049504251082E-19
325.6	8.03036259065787E-19
325.8	8.00908610914537E-19
326	7.9864902300917E-19
326.2	7.96537051281142E-19
326.4	7.94708273918247E-19
326.6	7.92496027145737E-19
326.8	7.90306899976138E-19
327	7.88669150427122E-19
327.2	7.87020464807218E-19
327.4	7.85206573809284E-19
327.6	7.83389480996746E-19
327.8	7.81570267501665E-19
328	7.7914719987168E-19
328.2	7.76580507931632E-19
328.4	7.74646964666934E-19
328.6	7.73214962967676E-19
328.8	7.71540122253756E-19
329	7.69643337495792E-19
329.2	7.67728360602933E-19
329.4	7.65409019327046E-19
329.6	7.6300289637081E-19
329.8	7.60994526252156E-19
330	7.59280244993531E-19
330.2	7.57237860782651E-19
330.4	7.54853526802245E-19
330.6	7.52622297833783E-19
330.8	7.50477309982431E-19
331	7.48000996572041E-19
331.2	7.45650073749662E-19
331.4	7.43824810070128E-19
331.6	7.41897795182135E-19
331.8	7.39554835318872E-19
332	7.37270630854417E-19
332.2	7.34994722001663E-19
332.4	7.32400107738186E-19
332.6	7.29659852434636E-19
332.8	7.27471806399872E-19
333	7.25845325577096E-19
333.2	7.24357936625491E-19
333.4	7.22637854671852E-19
333.6	7.20973658957791E-19
333.8	7.18871105557869E-19
334	7.16305245260426E-19
334.2	7.14356004780306E-19
334.4	7.1270869136624E-19
334.6	7.10538795879211E-19
334.8	7.08620908245533E-19
335	7.06685285877048E-19
335.2	7.03510768721395E-19
335.4	7.00403656026601E-19
335.6	6.97866674445493E-19
335.8	6.95187128899783E-19
336	6.92914962427652E-19
336.2	6.91055643074302E-19
336.4	6.88983070312159E-19
336.6	6.86691568202103E-19
336.8	6.83970315886666E-19
337	6.81256610706248E-19
337.2	6.79624370778399E-19
337.4	6.78190996870455E-19
337.6	6.76225664145784E-19
337.8	6.74617001226508E-19
338	6.73008421462004E-19
338.2	6.70733697700793E-19
338.4	6.68177110196227E-19
338.6	6.65948604848106E-19
338.8	6.63831601698922E-19
339	6.61244243494956E-19
339.2	6.58499518127917E-19
339.4	6.5635453027457E-19
339.6	6.54599935241979E-19
339.8	6.52794714098775E-19
340	6.50966706003843E-19
340.2	6.48765790330171E-19
340.4	6.46340830717357E-19
340.6	6.4383424559504E-19
340.8	6.41384045694252E-19
341	6.39070671439606E-19
341.2	6.36835700090458E-19
341.4	6.34744997567135E-19
341.6	6.32970796608848E-19
341.8	6.31023739187762E-19
342	6.28725978982569E-19
342.2	6.265739429778E-19
342.4	6.24272066149449E-19
342.6	6.21214955838832E-19
342.8	6.18471789797215E-19
343	6.16553091310246E-19
343.2	6.14228219629272E-19
343.4	6.11381306441364E-19
343.6	6.09052796328106E-19
343.8	6.07000203731325E-19
344	6.04681818842145E-19
344.2	6.02941923055166E-19
344.4	6.01767958596673E-19
344.6	6.00007063888478E-19
344.8	5.9747611169844E-19
345	5.95101445542758E-19
345.2	5.93008185726987E-19
345.4	5.90519148216494E-19
345.6	5.88290913155514E-19
345.8	5.86660731535535E-19
346	5.84810684967462E-19
346.2	5.82593531516217E-19
346.4	5.80129089771764E-19
346.6	5.77737042330777E-19
346.8	5.75218772658326E-19
347	5.72772523052116E-19
347.2	5.70402659618299E-19
347.4	5.68463294867664E-19
347.6	5.66704167395533E-19
347.8	5.64702242492816E-19
348	5.62726888499559E-19
348.2	5.60482083000338E-19
348.4	5.5808745747502E-19
348.6	5.55898808496712E-19
348.8	5.53626600445402E-19
349	5.51228627564953E-19
349.2	5.49268097566252E-19
349.4	5.47414724438803E-19
349.6	5.45182102471869E-19
349.8	5.4323656279205E-19
350	5.41259150490799E-19
350.2	5.38840906374719E-19
350.4	5.36379624865197E-19
350.6	5.33895826688642E-19
350.8	5.31440532991199E-19
351	5.29432537113214E-19
351.2	5.27626297207101E-19
351.4	5.25737142750435E-19
351.6	5.24203888822741E-19
351.8	5.22525264147495E-19
352	5.20225944615598E-19
352.2	5.1804313791381E-19
352.4	5.1614631157101E-19
352.6	5.13973276643786E-19
352.8	5.11740010157656E-19
353	5.09780727616378E-19
353.2	5.076971148289E-19
353.4	5.05413014319787E-19
353.6	5.03191868991895E-19
353.8	5.01309014208503E-19
354	4.99225006391607E-19
354.2	4.9716881694813E-19
354.4	4.95737023157856E-19
354.6	4.94211233206148E-19
354.8	4.92209183555505E-19
355	4.90482115822838E-19
355.2	4.88471167620123E-19
355.4	4.86173636116395E-19
355.6	4.84056487426417E-19
355.8	4.81712903833958E-19
356	4.79673451154351E-19
356.2	4.7778003453862E-19
356.4	4.75461275411146E-19
356.6	4.73238633129838E-19
356.8	4.71598076795857E-19
357	4.6959854285656E-19
357.2	4.67598863383204E-19
357.4	4.65703575576861E-19
357.6	4.63425254965721E-19
357.8	4.61073043103298E-19
358	4.59005772049606E-19
358.2	4.57217765860778E-19
358.4	4.5571478364839E-19
358.6	4.54435783000279E-19
358.8	4.5304176647706E-19
359	4.51213675221112E-19
359.2	4.4914382608231E-19
359.4	4.47289392612706E-19
359.6	4.45726365957896E-19
359.8	4.43997593360537E-19
360	4.42252645357425E-19
360.2	4.40598782774324E-19
360.4	4.38434292953618E-19
360.6	4.36073639937874E-19
360.8	4.34243261669981E-19
361	4.32631168229116E-19
361.2	4.30800956288195E-19
361.4	4.29200900840692E-19
361.6	4.27704862825313E-19
361.8	4.25658424365238E-19
362	4.23506991298388E-19
362.2	4.21567564176116E-19
362.4	4.1955815450698E-19
362.6	4.1786559985148E-19
362.8	4.16330911344821E-19
363	4.14743933446518E-19
363.2	4.13425014058756E-19
363.4	4.11895752004682E-19
363.6	4.10096685000053E-19
363.8	4.08563015253068E-19
364	4.07190018443303E-19
364.2	4.05583580156189E-19
364.4	4.03769668369222E-19
364.6	4.01955361550196E-19
364.8	4.00420527509184E-19
365	3.98967235811891E-19
365.2	3.97330858469763E-19
365.4	3.95980357533024E-19
365.6	3.94805374315963E-19
365.8	3.93162718088188E-19
366	3.91179172437248E-19
366.2	3.89646147212445E-19
366.4	3.88592126096519E-19
366.6	3.874325282294E-19
366.8	3.8623820936925E-19
367	3.84980103687894E-19
367.2	3.83427909151289E-19
367.4	3.81848020987166E-19
367.6	3.80169209190333E-19
367.8	3.78517987063861E-19
368	3.7700679240066E-19
368.2	3.75534497719363E-19
368.4	3.74016379648741E-19
368.6	3.72184691545522E-19
368.8	3.70429264871558E-19
369	3.69466994492816E-19
369.2	3.68444139104136E-19
369.4	3.67041785384906E-19
369.6	3.65884162659627E-19
369.8	3.64437440924113E-19
370	3.62663385503236E-19
370.2	3.61043245938862E-19
370.4	3.59324078790035E-19
370.6	3.57827916027507E-19
370.8	3.56730483279403E-19
371	3.5535478363731E-19
371.2	3.54073787051117E-19
371.4	3.52940801675578E-19
371.6	3.51395405799873E-19
371.8	3.49734016870096E-19
372	3.48602840312572E-19
372.2	3.474553012291E-19
372.4	3.46277365685547E-19
372.6	3.45424227322714E-19
372.8	3.44660760592293E-19
373	3.43306725183724E-19
373.2	3.41537430902887E-19
373.4	3.39906687924349E-19
373.6	3.38386802618504E-19
373.8	3.36802132519663E-19
374	3.35318028543831E-19
374.2	3.34136475364169E-19
374.4	3.33100043443868E-19
374.6	3.32104507444818E-19
374.8	3.3111597801569E-19
375	3.30058817456147E-19
375.2	3.2906215874152E-19
375.4	3.27901583692557E-19
375.6	3.26395378870982E-19
375.8	3.25028141169955E-19
376	3.23781325007413E-19
376.2	3.22271523340009E-19
376.4	3.20961793576899E-19
376.6	3.19876128541394E-19
376.8	3.1870792319369E-19
377	3.17731702041194E-19
377.2	3.1686155662957E-19
377.4	3.15913091480025E-19
377.6	3.14895496215045E-19
377.8	3.13755254774587E-19
378	3.12402508406489E-19
378.2	3.11303370797695E-19
378.4	3.1020701918173E-19
378.6	3.08902175303974E-19
378.8	3.0780274661896E-19
379	3.06677391543189E-19
379.2	3.05265162093192E-19
379.4	3.03704152164026E-19
379.6	3.02737806742017E-19
379.8	3.02144930258343E-19
380	3.01271915687987E-19
380.2	3.00452354806147E-19
380.4	2.99929772730048E-19
380.6	2.99070854463593E-19
380.8	2.9782441253607E-19
381	2.96831870439947E-19
381.2	2.95918542097349E-19
381.4	2.94910261206041E-19
381.6	2.93886345472309E-19
381.8	2.92654602792108E-19
382	2.91313478598135E-19
382.2	2.90057140149462E-19
382.4	2.88893009836333E-19
382.6	2.87861276682102E-19
382.8	2.86884722872121E-19
383	2.8622650023721E-19
383.2	2.85709490151073E-19
383.4	2.84931261800149E-19
383.6	2.83978451326261E-19
383.8	2.83215462787062E-19
384	2.82291655773414E-19
384.2	2.81156466546777E-19
384.4	2.80119930670039E-19
384.6	2.79197412696822E-19
384.8	2.78316954940892E-19
385	2.7738940554413E-19
385.2	2.76387050088755E-19
385.4	2.75230924313281E-19
385.6	2.74057396461691E-19
385.8	2.72827379434492E-19
386	2.71653685253992E-19
386.2	2.70678295739855E-19
386.4	2.69956785264216E-19
386.6	2.69115705682876E-19
386.8	2.68302985037393E-19
387	2.6779054897226E-19
387.2	2.67210937148816E-19
387.4	2.6634530338353E-19
387.6	2.65605476030873E-19
387.8	2.64978148838748E-19
388	2.63932090674376E-19
388.2	2.62831560062434E-19
388.4	2.62015408902813E-19
388.6	2.61260466480046E-19
388.8	2.60570412799617E-19
389	2.60106357415156E-19
389.2	2.59428258569637E-19
389.4	2.58611338142819E-19
389.6	2.57801736149762E-19
389.8	2.56699396718456E-19
390	2.55817400428067E-19
390.2	2.55501813656164E-19
390.4	2.5480564741889E-19
390.6	2.53787199718496E-19
390.8	2.53054898705071E-19
391	2.52129449196569E-19
391.2	2.50934506599481E-19
391.4	2.50277261138214E-19
391.6	2.49832416648509E-19
391.8	2.49053003202936E-19
392	2.48341742695751E-19
392.2	2.47719945903329E-19
392.4	2.46781959413263E-19
392.6	2.4594603599425E-19
392.8	2.45434244441505E-19
393	2.44621211928453E-19
393.2	2.436193138709E-19
393.4	2.42970260062227E-19
393.6	2.42249955463367E-19
393.8	2.41186401662688E-19
394	2.40206167838291E-19
394.2	2.39248232372669E-19
394.4	2.38597130650225E-19
394.6	2.38164833531278E-19
394.8	2.37632822719739E-19
395	2.37084127119776E-19
395.2	2.36641943874358E-19
395.4	2.35932554546974E-19
395.6	2.35219256513873E-19
395.8	2.3494039705427E-19
396	2.34920302518239E-19
396.2	2.34679823267391E-19
396.4	2.33960734940196E-19
396.6	2.328902993118E-19
396.8	2.31599083935817E-19
397	2.3019307099574E-19
397.2	2.2915619205991E-19
397.4	2.28561101307233E-19
397.6	2.27919189202817E-19
397.8	2.27502360593688E-19
398	2.27208240536091E-19
398.2	2.26585560123263E-19
398.4	2.25958887834513E-19
398.6	2.2550364782437E-19
398.8	2.24976658026014E-19
399	2.24254482210359E-19
399.2	2.23522555418094E-19
399.4	2.22824497185125E-19
399.6	2.22228917846813E-19
399.8	2.21550818996051E-19
400	2.2084783330247E-19
400.2	2.20411949722545E-19
400.4	2.19923568841771E-19
400.6	2.19370413564088E-19
400.8	2.18719654876174E-19
401	2.18038686848977E-19
401.2	2.17381534931316E-19
401.4	2.16618660717528E-19
401.6	2.15921517291452E-19
401.8	2.15559275472496E-19
402	2.15129005454618E-19
402.2	2.14457705252108E-19
402.4	2.13900402162552E-19
402.6	2.13242252264523E-19
402.8	2.12305118191779E-19
403	2.11349999907925E-19
403.2	2.10573819443949E-19
403.4	2.10018439514037E-19
403.6	2.0949204226025E-19
403.8	2.08884102649237E-19
404	2.08512099424588E-19
404.2	2.08344690157994E-19
404.4	2.07835528652174E-19
404.6	2.07232048715523E-19
404.8	2.06694206002238E-19
405	2.05906725627929E-19
405.2	2.05167428411494E-19
405.4	2.04686937696679E-19
405.6	2.04233038692254E-19
405.8	2.03935384138585E-19
406	2.03725727535387E-19
406.2	2.03165628045543E-19
406.4	2.02584082650114E-19
406.6	2.02209335036039E-19
406.8	2.01804721110623E-19
407	2.01485100828444E-19
407.2	2.01027698519764E-19
407.4	2.00044824187946E-19
407.6	1.99143014018727E-19
407.8	1.98362612984382E-19
408	1.97343292044908E-19
408.2	1.96595927918066E-19
408.4	1.96185908339073E-19
408.6	1.95418418533604E-19
408.8	1.9463326674918E-19
409	1.9444816432183E-19
409.2	1.94237759226696E-19
409.4	1.94057480276573E-19
409.6	1.94043477426873E-19
409.8	1.93734304578458E-19
410	1.93168737011188E-19
410.2	1.92631964988871E-19
410.4	1.92040772521637E-19
410.6	1.91340998996116E-19
410.8	1.90808645085006E-19
411	1.90268141095015E-19
411.2	1.89694319523E-19
411.4	1.89287408171479E-19
411.6	1.89081535467129E-19
411.8	1.88741727079094E-19
412	1.88083026151176E-19
412.2	1.87682248102927E-19
412.4	1.8720627940028E-19
412.6	1.86549907094129E-19
412.8	1.86095238784469E-19
413	1.85837835597981E-19
413.2	1.85363010391349E-19
413.4	1.84929767191772E-19
413.6	1.84480722843773E-19
413.8	1.83985137821641E-19
414	1.83742153152782E-19
414.2	1.83200432863746E-19
414.4	1.8250441209969E-19
414.6	1.821422533462E-19
414.8	1.81593682401243E-19
415	1.80741884985002E-19
415.2	1.80362615257032E-19
415.4	1.80212088204E-19
415.6	1.7975659861421E-19
415.8	1.79425366543618E-19
416	1.79321255505137E-19
416.2	1.78941569956732E-19
416.4	1.78414403343855E-19
416.6	1.78064448953709E-19
416.8	1.77875385747339E-19
417	1.77453016150779E-19
417.2	1.7714655644694E-19
417.4	1.76935496346739E-19
417.6	1.76530560057504E-19
417.8	1.75844248678121E-19
418	1.75288868691653E-19
418.2	1.74886115535542E-19
418.4	1.74389563747954E-19
418.6	1.74101680880651E-19
418.8	1.74032696084397E-19
419	1.73844214952127E-19
419.2	1.73283626783149E-19
419.4	1.72739660976608E-19
419.6	1.72280678445027E-19
419.8	1.71787120491782E-19
420	1.71381352567643E-19
420.2	1.71319280775744E-19
420.4	1.71224109754623E-19
420.6	1.70827916136617E-19
420.8	1.70688148395844E-19
421	1.70613965915956E-19
421.2	1.70080354108454E-19
421.4	1.6945724727983E-19
421.6	1.69009918004814E-19
421.8	1.68470027211713E-19
422	1.67992561458037E-19
422.2	1.67662098529727E-19
422.4	1.67377105538033E-19
422.6	1.66970474820823E-19
422.8	1.66494287730651E-19
423	1.66034681294238E-19
423.2	1.65695142960095E-19
423.4	1.65420732602992E-19
423.6	1.65157310182099E-19
423.8	1.64755159788537E-19
424	1.6449912870488E-19
424.2	1.64344401769524E-19
424.4	1.63978250953118E-19
424.6	1.63600259709045E-19
424.8	1.63278747256728E-19
425	1.62833070863745E-19
425.2	1.62294209335536E-19
425.4	1.61831474077356E-19
425.6	1.61260001735459E-19
425.8	1.60661636140508E-19
426	1.60097575793769E-19
426.2	1.59605712180245E-19
426.4	1.59399880771262E-19
426.6	1.59501101325153E-19
426.8	1.59574555571648E-19
427	1.59441742249672E-19
427.2	1.59322713405891E-19
427.4	1.5912923190557E-19
427.6	1.58660186655899E-19
427.8	1.58179144915522E-19
428	1.5771343642576E-19
428.2	1.57096067930184E-19
428.4	1.56690237502484E-19
428.6	1.56528545270027E-19
428.8	1.56207354904241E-19
429	1.56020131492907E-19
429.2	1.55979079258643E-19
429.4	1.55587875391952E-19
429.6	1.55226163508813E-19
429.8	1.5515080598916E-19
430	1.54782659021465E-19
430.2	1.5445206038816E-19
430.4	1.54241841821403E-19
430.6	1.53819700915135E-19
430.8	1.53329843843809E-19
431	1.52975960159381E-19
431.2	1.52626671002066E-19
431.4	1.52281955771934E-19
431.6	1.51796256746609E-19
431.8	1.5146256032522E-19
432	1.51292260184995E-19
432.2	1.50941754420131E-19
432.4	1.50649286679427E-19
432.6	1.50620407037366E-19
432.8	1.50439867777834E-19
433	1.50115891547099E-19
433.2	1.49920320408626E-19
433.4	1.49576072690821E-19
433.6	1.49058916700146E-19
433.8	1.4857426710688E-19
434	1.48294679123548E-19
434.2	1.48002689675291E-19
434.4	1.47757937431937E-19
434.6	1.47734765174131E-19
434.8	1.47618740309564E-19
435	1.47174207176856E-19
435.2	1.46662736940026E-19
435.4	1.46333552033219E-19
435.6	1.45817061159084E-19
435.8	1.45148453304259E-19
436	1.4471980499358E-19
436.2	1.44513973769181E-19
436.4	1.44253326487319E-19
436.6	1.44190619753246E-19
436.8	1.44293128799685E-19
437	1.44166178018741E-19
437.2	1.43978080509564E-19
437.4	1.43714242255234E-19
437.6	1.43367718367036E-19
437.8	1.43133694122141E-19
438	1.43147020464378E-19
438.2	1.42924359057112E-19
438.4	1.42558883929152E-19
438.6	1.42198761588671E-19
438.8	1.41855594764909E-19
439	1.41528468026456E-19
439.2	1.41228213217093E-19
439.4	1.41169196119612E-19
439.6	1.40987543962161E-19
439.8	1.4062271267125E-19
440	1.40367117167237E-19
440.2	1.40209697015573E-19
440.4	1.39753437873207E-19
440.6	1.39354447632547E-19
440.8	1.39188493040255E-19
441	1.38724437227687E-19
441.2	1.38258468336454E-19
441.4	1.38138981239603E-19
441.6	1.38044130665784E-19
441.8	1.37825584052448E-19
442	1.37726470943145E-19
442.2	1.37420301302054E-19
442.4	1.37038703193846E-19
442.6	1.36969717830573E-19
442.8	1.36748458700468E-19
443	1.36383087826715E-19
443.2	1.36315921298917E-19
443.4	1.36164197089079E-19
443.6	1.3582910726929E-19
443.8	1.35679524596236E-19
444	1.35511447456025E-19
444.2	1.35314378225367E-19
444.4	1.35155689923592E-19
444.6	1.34775264912138E-19
444.8	1.34281603862048E-19
445	1.33907137042301E-19
445.2	1.33503634358463E-19
445.4	1.33068840499849E-19
445.6	1.32726598839836E-19
445.8	1.32452539967825E-19
446	1.323715658353E-19
446.2	1.32139036962036E-19
446.4	1.3191989851527E-19
446.6	1.3194175678352E-19
446.8	1.31941817405791E-19
447	1.31824700489687E-19
447.2	1.31659908754152E-19
447.4	1.31460136219494E-19
447.6	1.31143676226786E-19
447.8	1.30741442734427E-19
448	1.30282709670409E-19
448.2	1.30163544561192E-19
448.4	1.30115202134814E-19
448.6	1.29910897969645E-19
448.8	1.29863544368825E-19
449	1.29828706734531E-19
449.2	1.29565616327669E-19
449.4	1.29237668728792E-19
449.6	1.28972529436407E-19
449.8	1.28509833357772E-19
450	1.28035247070583E-19
450.2	1.27685657487229E-19
450.4	1.27448917819982E-19
450.6	1.27289604752853E-19
450.8	1.27229608400306E-19
451	1.26948095733448E-19
451.2	1.26590299202144E-19
451.4	1.26212627166929E-19
451.6	1.2579347818614E-19
451.8	1.25442524803599E-19
452	1.25403080288806E-19
452.2	1.25401394135511E-19
452.4	1.25361285588055E-19
452.6	1.25157292232665E-19
452.8	1.24827296000965E-19
453	1.24464536373478E-19
453.2	1.24103772859713E-19
453.4	1.23754724351115E-19
453.6	1.23446640888262E-19
453.8	1.2326366511425E-19
454	1.23259624887748E-19
454.2	1.23160019559681E-19
454.4	1.22823537247207E-19
454.6	1.22788224180916E-19
454.8	1.22706756384624E-19
455	1.22346938690805E-19
455.2	1.22099607256317E-19
455.4	1.21968202744228E-19
455.6	1.21731316083116E-19
455.8	1.21525138399602E-19
456	1.21264227241078E-19
456.2	1.21007234271083E-19
456.4	1.20928493542467E-19
456.6	1.20633455582155E-19
456.8	1.20263377665122E-19
457	1.20151754470472E-19
457.2	1.19982764910497E-19
457.4	1.19639486055508E-19
457.6	1.19486659474001E-19
457.8	1.19380770585067E-19
458	1.19131276430622E-19
458.2	1.1904855259244E-19
458.4	1.18984389172446E-19
458.6	1.18776539327065E-19
458.8	1.18714818767768E-19
459	1.18474222016048E-19
459.2	1.17972654104288E-19
459.4	1.17583037794179E-19
459.6	1.17269143721606E-19
459.8	1.16934686672063E-19
460	1.16865771512163E-19
460.2	1.16876581868612E-19
460.4	1.16783603433643E-19
460.6	1.16723231160041E-19
460.8	1.16465039742388E-19
461	1.16150411150839E-19
461.2	1.1600167852064E-19
461.4	1.15879390406537E-19
461.6	1.15735680481069E-19
461.8	1.15718874230249E-19
462	1.15632802629714E-19
462.2	1.15327654972721E-19
462.4	1.14901009705839E-19
462.6	1.14449207791466E-19
462.8	1.14128766954513E-19
463	1.13893798240173E-19
463.2	1.13610674175728E-19
463.4	1.13550189741538E-19
463.6	1.13676602757805E-19
463.8	1.13601003077292E-19
464	1.13487534475556E-19
464.2	1.13451929190774E-19
464.4	1.13228701419233E-19
464.6	1.12851821375699E-19
464.8	1.12542420880212E-19
465	1.12305560408506E-19
465.2	1.12063143645332E-19
465.4	1.11802007204345E-19
465.6	1.11493789450185E-19
465.8	1.1121535876087E-19
466	1.1092435568523E-19
466.2	1.10629663452422E-19
466.4	1.10392127019902E-19
466.6	1.10217408573288E-19
466.8	1.10095595773035E-19
467	1.09930813548038E-19
467.2	1.09777878343626E-19
467.4	1.0977506866792E-19
467.6	1.09732884363163E-19
467.8	1.09440556768334E-19
468	1.09100524963385E-19
468.2	1.08834757638176E-19
468.4	1.08371310726755E-19
468.6	1.08013261840591E-19
468.8	1.07947091995861E-19
469	1.07855668870539E-19
469.2	1.07781969574388E-19
469.4	1.07818960361331E-19
469.6	1.07703219979491E-19
469.8	1.07422064680731E-19
470	1.07186022400769E-19
470.2	1.07005936826665E-19
470.4	1.06908176855058E-19
470.6	1.06813334794741E-19
470.8	1.06796054043091E-19
471	1.06685323601794E-19
471.2	1.06375589340881E-19
471.4	1.06219243772004E-19
471.6	1.06254144924337E-19
471.8	1.06110177320536E-19
472	1.0588140972177E-19
472.2	1.05755801787853E-19
472.4	1.05585596073189E-19
472.6	1.05189621845564E-19
472.8	1.04761456089478E-19
473	1.04586032209398E-19
473.2	1.04382756627258E-19
473.4	1.04003834771304E-19
473.6	1.03739758744943E-19
473.8	1.03621598782362E-19
474	1.03463747906583E-19
474.2	1.03258133094027E-19
474.4	1.03129160961161E-19
474.6	1.03073309676003E-19
474.8	1.02885364562582E-19
475	1.02578257334581E-19
475.2	1.02399663481972E-19
475.4	1.02222804004275E-19
475.6	1.02092183954275E-19
475.8	1.02207935473569E-19
476	1.02290520648102E-19
476.2	1.02320659012059E-19
476.4	1.02310696389724E-19
476.6	1.02025808693013E-19
476.8	1.01765851259608E-19
477	1.0163305675333E-19
477.2	1.01342585666307E-19
477.4	1.01083437621292E-19
477.6	1.01042133046759E-19
477.8	1.00831310472867E-19
478	1.00537890214733E-19
478.2	1.00421651077991E-19
478.4	1.00136477234155E-19
478.6	9.96691522353087E-20
478.8	9.94441168709185E-20
479	9.93506962588134E-20
479.2	9.91279319249547E-20
479.4	9.90489088694694E-20
479.6	9.91208156859806E-20
479.8	9.91006984714444E-20
480	9.89942560452516E-20
480.2	9.89118940691412E-20
480.4	9.8772336223139E-20
480.6	9.85312106291431E-20
480.8	9.81153002088759E-20
481	9.77555834206115E-20
481.2	9.75690410647831E-20
481.4	9.73491336714054E-20
481.6	9.71987933749536E-20
481.8	9.70753555038311E-20
482	9.6841681756187E-20
482.2	9.66541856119395E-20
482.4	9.65763837606585E-20
482.6	9.64349879743451E-20
482.8	9.63687323480928E-20
483	9.64610147730546E-20
483.2	9.63512914243802E-20
483.4	9.61971440094531E-20
483.6	9.6064096538835E-20
483.8	9.57525919072795E-20
484	9.54555399665614E-20
484.2	9.51820533317611E-20
484.4	9.49613900913794E-20
484.6	9.48626749067214E-20
484.8	9.48456927121186E-20
485	9.46777809873474E-20
485.2	9.44641328800512E-20
485.4	9.43276488150436E-20
485.6	9.41256041024877E-20
485.8	9.38911893344428E-20
486	9.38173169127414E-20
486.2	9.39135822547938E-20
486.4	9.3887660106494E-20
486.6	9.38302962291531E-20
486.8	9.37270576151307E-20
487	9.36542721618127E-20
487.2	9.3402333973596E-20
487.4	9.3143752038345E-20
487.6	9.30246957449886E-20
487.8	9.29665048505333E-20
488	9.26559520113369E-20
488.2	9.24132386116149E-20
488.4	9.23370612119853E-20
488.6	9.20965177410327E-20
488.8	9.19444313077838E-20
489	9.19954641203168E-20
489.2	9.21188595534044E-20
489.4	9.20750791357199E-20
489.6	9.20693539044992E-20
489.8	9.19730625407582E-20
490	9.17020825915568E-20
490.2	9.14447156098062E-20
490.4	9.10902041954193E-20
490.6	9.06113232698565E-20
490.8	9.0482158251534E-20
491	9.05264850702119E-20
491.2	9.03306041919565E-20
491.4	9.02657075418439E-20
491.6	9.03666009189131E-20
491.8	9.01314919505013E-20
492	8.99162119090436E-20
492.2	8.99412233396134E-20
492.4	8.9752431693093E-20
492.6	8.95633459199655E-20
492.8	8.95334535675701E-20
493	8.9396106675158E-20
493.2	8.92595095160676E-20
493.4	8.91938156277947E-20
493.6	8.90732808360452E-20
493.8	8.8912350753195E-20
494	8.87525694454252E-20
494.2	8.86099921766954E-20
494.4	8.86611508214532E-20
494.6	8.8684847603057E-20
494.8	8.84306162484154E-20
495	8.81572162861499E-20
495.2	8.80359566084567E-20
495.4	8.79089513095554E-20
495.6	8.77098602410914E-20
495.8	8.75476395000122E-20
496	8.75318002301104E-20
496.2	8.74498376701645E-20
496.4	8.73289261520473E-20
496.6	8.73301428143083E-20
496.8	8.74679761640626E-20
497	8.74992504011173E-20
497.2	8.74489850912294E-20
497.4	8.72561647017082E-20
497.6	8.69532593059696E-20
497.8	8.68535017786716E-20
498	8.66926180793599E-20
498.2	8.63847147518712E-20
498.4	8.62338460013096E-20
498.6	8.60556128437309E-20
498.8	8.56746171350436E-20
499	8.55757884132878E-20
499.2	8.56036342905271E-20
499.4	8.54818528558328E-20
499.6	8.55269266216465E-20
499.8	8.56493726368705E-20
500	8.55206426257541E-20
500.2	8.53772794194559E-20
500.4	8.53304739726125E-20
500.6	8.50289881143736E-20
500.8	8.45989116790879E-20
501	8.44476889878959E-20
501.2	8.44082335338239E-20
501.4	8.43673110633644E-20
501.6	8.44945216506961E-20
501.8	8.4646774776237E-20
502	8.45858416790845E-20
502.2	8.44302449135121E-20
502.4	8.4277601252385E-20
502.6	8.41578360472552E-20
502.8	8.4044135050226E-20
503	8.39130232371057E-20
503.2	8.3803432612496E-20
503.4	8.36888489329485E-20
503.6	8.35635446276851E-20
503.8	8.34558638592731E-20
504	8.34153867531583E-20
504.2	8.32912191661604E-20
504.4	8.31907771219438E-20
504.6	8.31082056354878E-20
504.8	8.30300938916198E-20
505	8.29891601237782E-20
505.2	8.28718593528438E-20
505.4	8.2718607360733E-20
505.6	8.27379642468276E-20
505.8	8.28014605807232E-20
506	8.26140147209301E-20
506.2	8.25227953394773E-20
506.4	8.25078743462197E-20
506.6	8.22857070418785E-20
506.8	8.20121476917832E-20
507	8.19744591609398E-20
507.2	8.19370784205382E-20
507.4	8.17215935712097E-20
507.6	8.17379276975546E-20
507.8	8.18789930282991E-20
508	8.1719068486264E-20
508.2	8.1642234802404E-20
508.4	8.17138999772311E-20
508.6	8.1478256697218E-20
508.8	8.12930249776716E-20
509	8.13823449010724E-20
509.2	8.12971982459528E-20
509.4	8.11640687593296E-20
509.6	8.10961023725942E-20
509.8	8.0944424413448E-20
510	8.06769554266771E-20
510.2	8.06007436931195E-20
510.4	8.05535561031265E-20
510.6	8.06290024199992E-20
510.8	8.06931006490737E-20
511	8.07198421789108E-20
511.2	8.07015750551327E-20
511.4	8.06895185719846E-20
511.6	8.06441496612087E-20
511.8	8.05610970421953E-20
512	8.05148999295075E-20
512.2	8.0435255172018E-20
512.4	8.03567595101073E-20
512.6	8.00985755004841E-20
512.8	7.98443675757857E-20
513	7.96393236148575E-20
513.2	7.93675601212027E-20
513.4	7.90716652879677E-20
513.6	7.90227548131384E-20
513.8	7.91741521686208E-20
514	7.92126423528436E-20
514.2	7.929115768223E-20
514.4	7.93859183157384E-20
514.6	7.93199726591326E-20
514.8	7.9073616143897E-20
515	7.89428194296762E-20
515.2	7.89001632951736E-20
515.4	7.87990203957049E-20
515.6	7.8757920402153E-20
515.8	7.88067905627077E-20
516	7.87689623436469E-20
516.2	7.85502221257366E-20
516.4	7.83973717970771E-20
516.6	7.82656156373343E-20
516.8	7.82238346499195E-20
517	7.83459785173415E-20
517.2	7.84205624584116E-20
517.4	7.85052468556385E-20
517.6	7.85700837859565E-20
517.8	7.846076729763E-20
518	7.83002482988592E-20
518.2	7.82484192197249E-20
518.4	7.82121598816558E-20
518.6	7.82851801293198E-20
518.8	7.8354283795218E-20
519	7.82791488827539E-20
519.2	7.80729478801567E-20
519.4	7.78567627891328E-20
519.6	7.75746004608754E-20
519.8	7.72817411937386E-20
520	7.71848835436983E-20
520.2	7.73143212940651E-20
520.4	7.73414434747637E-20
520.6	7.73001198898884E-20
520.8	7.73927636778138E-20
521	7.73961092296554E-20
521.2	7.72791430807333E-20
521.4	7.72475718511634E-20
521.6	7.73021949656275E-20
521.8	7.72249217094857E-20
522	7.7004607671081E-20
522.2	7.68142722507071E-20
522.4	7.68048775527137E-20
522.6	7.6697289508592E-20
522.8	7.64884674810665E-20
523	7.63876832192714E-20
523.2	7.63626320441635E-20
523.4	7.63301241296236E-20
523.6	7.63478906087003E-20
523.8	7.63468220013621E-20
524	7.64398229689439E-20
524.2	7.65641344988847E-20
524.4	7.64208155004275E-20
524.6	7.61887378927338E-20
524.8	7.61420767951226E-20
525	7.61785915707662E-20
525.2	7.60645342297045E-20
525.4	7.58936025716233E-20
525.6	7.57506942321579E-20
525.8	7.56345254157588E-20
526	7.54863144908495E-20
526.2	7.53529787339217E-20
526.4	7.53839303916197E-20
526.6	7.54857363153349E-20
526.8	7.55143630348173E-20
527	7.54676468155954E-20
527.2	7.54797529017839E-20
527.4	7.53376641027521E-20
527.6	7.51439439080346E-20
527.8	7.50968280216856E-20
528	7.49971178145125E-20
528.2	7.48491853951851E-20
528.4	7.49084209404949E-20
528.6	7.49266640036935E-20
528.8	7.47509464036591E-20
529	7.45937971083438E-20
529.2	7.4425121918949E-20
529.4	7.42033302723483E-20
529.6	7.40398216790013E-20
529.8	7.4020209042843E-20
530	7.40821799259307E-20
530.2	7.41009657253532E-20
530.4	7.41469108678134E-20
530.6	7.41910597892642E-20
530.8	7.40705323574552E-20
531	7.38234257449803E-20
531.2	7.35922603583985E-20
531.4	7.3339255028406E-20
531.6	7.30952366405769E-20
531.8	7.29733308453732E-20
532	7.29098775488741E-20
532.2	7.30373222555372E-20
532.4	7.31954686053786E-20
532.6	7.31795089677691E-20
532.8	7.3052567182482E-20
533	7.31057353875632E-20
533.2	7.31325408360618E-20
533.4	7.29788527330235E-20
533.6	7.29734175739305E-20
533.8	7.30511914596097E-20
534	7.296592082805E-20
534.2	7.28261457255258E-20
534.4	7.28004051401402E-20
534.6	7.27463641858396E-20
534.8	7.26296056925454E-20
535	7.25303979228235E-20
535.2	7.24178344202251E-20
535.4	7.23557147769096E-20
535.6	7.22856835172915E-20
535.8	7.21963306878052E-20
536	7.20326782526428E-20
536.2	7.18588678967082E-20
536.4	7.17735562018842E-20
536.6	7.17175334998471E-20
536.8	7.16517785172177E-20
537	7.16718892339552E-20
537.2	7.1657571860887E-20
537.4	7.1449488243099E-20
537.6	7.12869599101047E-20
537.8	7.12643313299055E-20
538	7.12016048313518E-20
538.2	7.11538448221664E-20
538.4	7.11987570936973E-20
538.6	7.1188825683052E-20
538.8	7.11257599399118E-20
539	7.11283843683394E-20
539.2	7.11021523274069E-20
539.4	7.09432438818974E-20
539.6	7.07941300673297E-20
539.8	7.06548881900973E-20
540	7.05030954938232E-20
540.2	7.03534757421621E-20
540.4	7.02963991591623E-20
540.6	7.0259923698749E-20
540.8	7.01493857189687E-20
541	7.00134452101097E-20
541.2	6.98892632489109E-20
541.4	6.97443337553118E-20
541.6	6.96588403671358E-20
541.8	6.96331210251477E-20
542	6.9547466334223E-20
542.2	6.94828964460781E-20
542.4	6.94752690201679E-20
542.6	6.93384328977634E-20
542.8	6.91468426318701E-20
543	6.90623261635715E-20
543.2	6.89920200892365E-20
543.4	6.88021232253475E-20
543.6	6.86489366731935E-20
543.8	6.8607967591462E-20
544	6.84439365949423E-20
544.2	6.82333374019275E-20
544.4	6.81211179019425E-20
544.6	6.80702631065893E-20
544.8	6.80199652955497E-20
545	6.7993502241138E-20
545.2	6.80112654404576E-20
545.4	6.80207546355207E-20
545.6	6.79786248354411E-20
545.8	6.78654455910105E-20
546	6.76981760875022E-20
546.2	6.75016676159715E-20
546.4	6.73833927969423E-20
546.6	6.7333812996376E-20
546.8	6.7252695353681E-20
547	6.71951819028672E-20
547.2	6.71826719824827E-20
547.4	6.70735939097788E-20
547.6	6.68970907090836E-20
547.8	6.68083889955878E-20
548	6.67558895992665E-20
548.2	6.66335168398154E-20
548.4	6.65227859918349E-20
548.6	6.64471039784058E-20
548.8	6.62972704134163E-20
549	6.6141557000178E-20
549.2	6.60651350243396E-20
549.4	6.6000926834232E-20
549.6	6.59556461364662E-20
549.8	6.59391553077197E-20
550	6.58934248761134E-20
550.2	6.58105724868264E-20
550.4	6.5742466878831E-20
550.6	6.55904213810752E-20
550.8	6.53815359101143E-20
551	6.52351958630627E-20
551.2	6.51032442273403E-20
551.4	6.49321588697404E-20
551.6	6.48131254612327E-20
551.8	6.47636719650618E-20
552	6.46950513877247E-20
552.2	6.46145801965731E-20
552.4	6.45858386289196E-20
552.6	6.45184042633605E-20
552.8	6.43478341367563E-20
553	6.41800852469544E-20
553.2	6.4028041923518E-20
553.4	6.38846005638736E-20
553.6	6.3786359382073E-20
553.8	6.3710484280409E-20
554	6.36351929489431E-20
554.2	6.35619794002072E-20
554.4	6.34420302330657E-20
554.6	6.33150812803186E-20
554.8	6.32608631509072E-20
555	6.32296117058003E-20
555.2	6.31466402146409E-20
555.4	6.30235654594171E-20
555.6	6.29052597784884E-20
555.8	6.27909034071862E-20
556	6.26274946468913E-20
556.2	6.24896960484158E-20
556.4	6.23946316303329E-20
556.6	6.22872338961731E-20
556.8	6.21805515838338E-20
557	6.21090196359273E-20
557.2	6.20264343708878E-20
557.4	6.19434553690461E-20
557.6	6.18637184283894E-20
557.8	6.17572223705524E-20
558	6.16399908070556E-20
558.2	6.15334908358703E-20
558.4	6.1436665024455E-20
558.6	6.13348553347875E-20
558.8	6.12072211796018E-20
559	6.10846805199689E-20
559.2	6.09836822842525E-20
559.4	6.08856132311309E-20
559.6	6.08002021040869E-20
559.8	6.07295754254521E-20
560	6.06460395509197E-20
560.2	6.05452934393724E-20
560.4	6.04442119800268E-20
560.6	6.03345396179896E-20
560.8	6.02406080303513E-20
561	6.01815117945797E-20
561.2	6.01230370605695E-20
561.4	6.0014215729965E-20
561.6	5.99058009519435E-20
561.8	5.98138732689365E-20
562	5.97022856944716E-20
562.2	5.95974639315113E-20
562.4	5.95100260761137E-20
562.6	5.94270480924659E-20
562.8	5.93322316617016E-20
563	5.92257767338944E-20
563.2	5.91209640039023E-20
563.4	5.90518085703604E-20
563.6	5.89863293960263E-20
563.8	5.89050733212993E-20
564	5.88312630658062E-20
564.2	5.87496054820911E-20
564.4	5.86601324736832E-20
564.6	5.85720008383988E-20
564.8	5.84896529808793E-20
565	5.84058299961623E-20
565.2	5.8325331865347E-20
565.4	5.82473752187878E-20
565.6	5.81635528883905E-20
565.8	5.80649738931899E-20
566	5.79665694817041E-20
566.2	5.78813950133429E-20
566.4	5.77921946241999E-20
566.6	5.77046496841643E-20
566.8	5.76398982619286E-20
567	5.75771146164254E-20
567.2	5.75123416969579E-20
567.4	5.74475153833245E-20
567.6	5.73783828233929E-20
567.8	5.73083485862099E-20
568	5.7240711515508E-20
568.2	5.71610050007238E-20
568.4	5.70931375469878E-20
568.6	5.70346705655587E-20
568.8	5.69569344053136E-20
569	5.6875876043486E-20
569.2	5.68007852193298E-20
569.4	5.67161456341675E-20
569.6	5.66322405354832E-20
569.8	5.6575898123838E-20
570	5.65218432339466E-20
570.2	5.64645151882606E-20
570.4	5.64100928256138E-20
570.6	5.63558333308927E-20
570.8	5.62895674628972E-20
571	5.6228418763093E-20
571.2	5.61852376774965E-20
571.4	5.61368909060342E-20
571.6	5.60808247123506E-20
571.8	5.60244390357681E-20
572	5.59677450805572E-20
572.2	5.5905451925384E-20
572.4	5.58529540111761E-20
572.6	5.5809178063277E-20
572.8	5.57671048214133E-20
573	5.57296003354692E-20
573.2	5.56826512194054E-20
573.4	5.56224583981938E-20
573.6	5.55658361208131E-20
573.8	5.55103997786418E-20
574	5.54536938320629E-20
574.2	5.54036900727344E-20
574.4	5.53613301536516E-20
574.6	5.53229578087206E-20
574.8	5.52854919755638E-20
575	5.5246356689293E-20
575.2	5.52080992661094E-20
575.4	5.51792286878013E-20
575.6	5.51409614495995E-20
575.8	5.51017297212665E-20
576	5.50618517483221E-20
576.2	5.50295724076402E-20
576.4	5.49922042493578E-20
576.6	5.49533131978446E-20
576.8	5.49287441819599E-20
577	5.49067064656098E-20
577.2	5.4871063084374E-20
577.4	5.48369934546638E-20
577.6	5.48125298716058E-20
577.8	5.47820714802169E-20
578	5.47585724412297E-20
578.2	5.47374464800024E-20
578.4	5.47183989169415E-20
578.6	5.47090666332987E-20
578.8	5.46966431705717E-20
579	5.46751373387997E-20
579.2	5.46555233514434E-20
579.4	5.46343572854691E-20
579.6	5.46048005487103E-20
579.8	5.45682658390012E-20
580	5.45432373641126E-20
580.2	5.45329586474787E-20
580.4	5.45188127837333E-20
580.6	5.45034176137031E-20
580.8	5.45023044499015E-20
581	5.44992906676718E-20
581.2	5.44844553990897E-20
581.4	5.44791679999392E-20
581.6	5.44778087818731E-20
581.8	5.4473250023485E-20
582	5.44661233404062E-20
582.2	5.44589793747814E-20
582.4	5.44472347568219E-20
582.6	5.44415743684923E-20
582.8	5.44404751563062E-20
583	5.44326131259909E-20
583.2	5.44288550745461E-20
583.4	5.44283422796935E-20
583.6	5.44185794595539E-20
583.8	5.44055780060474E-20
584	5.4407840251061E-20
584.2	5.4417506648611E-20
584.4	5.44266714696968E-20
584.6	5.44354414170353E-20
584.8	5.44556115655508E-20
585	5.44679634938344E-20
585.2	5.44728349012163E-20
585.4	5.44835204247262E-20
585.6	5.44959838678782E-20
585.8	5.44966260455521E-20
586	5.44968006828618E-20
586.2	5.45029878504091E-20
586.4	5.45070345545641E-20
586.6	5.45150433794232E-20
586.8	5.45249682698277E-20
587	5.45419948273165E-20
587.2	5.45672479271238E-20
587.4	5.45869568243574E-20
587.6	5.45998357922571E-20
587.8	5.46161044787494E-20
588	5.46265097488972E-20
588.2	5.46325503799807E-20
588.4	5.46500935057409E-20
588.6	5.46739226671796E-20
588.8	5.46986491091276E-20
589	5.47236386697954E-20
589.2	5.47421926224842E-20
589.4	5.47614446508409E-20
589.6	5.47801429624615E-20
589.8	5.47863790884293E-20
590	5.47962849858975E-20
590.2	5.48069261482483E-20
590.4	5.48077164382638E-20
590.6	5.48147531786362E-20
590.8	5.48322479907694E-20
591	5.48568251723757E-20
591.2	5.48859892909657E-20
591.4	5.49192275774327E-20
591.6	5.49534530176028E-20
591.8	5.49875727542624E-20
592	5.50139212662329E-20
592.2	5.50371792916679E-20
592.4	5.50603969542348E-20
592.6	5.50796611911593E-20
592.8	5.50977900280594E-20
593	5.51115992871502E-20
593.2	5.51290612427755E-20
593.4	5.51462260861721E-20
593.6	5.51624278676509E-20
593.8	5.51833634712109E-20
594	5.52078514314493E-20
594.2	5.52329491070657E-20
594.4	5.52597834579998E-20
594.6	5.52892064874711E-20
594.8	5.53149046073622E-20
595	5.53425789711734E-20
595.2	5.53724613833106E-20
595.4	5.5395730913982E-20
595.6	5.54114980704763E-20
595.8	5.54365022497478E-20
596	5.54551585837384E-20
596.2	5.54667001113899E-20
596.4	5.54877501938855E-20
596.6	5.55135115856196E-20
596.8	5.55352105774947E-20
597	5.55612496678377E-20
597.2	5.55843224275611E-20
597.4	5.55998122236782E-20
597.6	5.56193439483057E-20
597.8	5.56301402016252E-20
598	5.56471517579064E-20
598.2	5.56660708914448E-20
598.4	5.56775290243323E-20
598.6	5.56840234466016E-20
598.8	5.56864194353612E-20
599	5.56839497020705E-20
599.2	5.5689643381299E-20
599.4	5.5708507410971E-20
599.6	5.57236794443571E-20
599.8	5.57410364126396E-20
600	5.57562933533714E-20
600.2	5.57648835332085E-20
600.4	5.57717368799871E-20
600.6	5.57787088907705E-20
600.8	5.57883470028111E-20
601	5.58011523463631E-20
601.2	5.58017824572056E-20
601.4	5.5796509348686E-20
601.6	5.57933443469332E-20
601.8	5.57895909599786E-20
602	5.57820195660758E-20
602.2	5.57791216835044E-20
602.4	5.57761548033382E-20
602.6	5.57605482014607E-20
602.8	5.57429746233717E-20
603	5.57297576532224E-20
603.2	5.57192837720578E-20
603.4	5.57076105334403E-20
603.6	5.57095256912325E-20
603.8	5.5710357673111E-20
604	5.56944078947979E-20
604.2	5.567646532491E-20
604.4	5.56671341478053E-20
604.6	5.56505876010868E-20
604.8	5.56309309377116E-20
605	5.56131439397118E-20
605.2	5.55933497630008E-20
605.4	5.5563980358113E-20
605.6	5.55281336556494E-20
605.8	5.54989457895138E-20
606	5.5479038806192E-20
606.2	5.54557923001459E-20
606.4	5.54256757197858E-20
606.6	5.54001285166324E-20
606.8	5.53711121006284E-20
607	5.53333713747076E-20
607.2	5.52937454040742E-20
607.4	5.52596236118099E-20
607.6	5.52225163402323E-20
607.8	5.51771059210886E-20
608	5.51302505685072E-20
608.2	5.50818805449851E-20
608.4	5.50255644480646E-20
608.6	5.49696299350737E-20
608.8	5.49155278884194E-20
609	5.4862687880687E-20
609.2	5.48169820700218E-20
609.4	5.47707132061133E-20
609.6	5.4716725604958E-20
609.8	5.46571804281304E-20
610	5.45888827697177E-20
610.2	5.45165503705464E-20
610.4	5.44437756981922E-20
610.6	5.43726939828401E-20
610.8	5.43115083051976E-20
611	5.42519753895527E-20
611.2	5.41796623112665E-20
611.4	5.40997897459533E-20
611.6	5.40189950842035E-20
611.8	5.39324544286191E-20
612	5.38424020180766E-20
612.2	5.37553635228506E-20
612.4	5.36743595532035E-20
612.6	5.359332935035E-20
612.8	5.35061798480836E-20
613	5.34143946825686E-20
613.2	5.33212263821751E-20
613.4	5.32193779217918E-20
613.6	5.31140411853679E-20
613.8	5.30170576311582E-20
614	5.29219528867814E-20
614.2	5.28228727161512E-20
614.4	5.27257642805843E-20
614.6	5.26255170750591E-20
614.8	5.25182318065692E-20
615	5.24108532829465E-20
615.2	5.22975002835456E-20
615.4	5.21849317942879E-20
615.6	5.20758136500988E-20
615.8	5.19532821307209E-20
616	5.18241278621987E-20
616.2	5.170510421247E-20
616.4	5.15831796040453E-20
616.6	5.14557186720607E-20
616.8	5.13317179552088E-20
617	5.12085065856799E-20
617.2	5.10763825266149E-20
617.4	5.09388277522187E-20
617.6	5.08015581740127E-20
617.8	5.0659184503637E-20
618	5.05151361994598E-20
618.2	5.03733005713824E-20
618.4	5.0233392289844E-20
618.6	5.00894150501475E-20
618.8	4.99454879246306E-20
619	4.98051632718039E-20
619.2	4.96607488740145E-20
619.4	4.95093424284673E-20
619.6	4.93514321376441E-20
619.8	4.91821099102118E-20
620	4.90075204899399E-20
620.2	4.88308956816213E-20
620.4	4.865854020499E-20
620.6	4.84887612213969E-20
620.8	4.83276212094599E-20
621	4.81654311806868E-20
621.2	4.79969159506247E-20
621.4	4.78270013832415E-20
621.6	4.76567095715029E-20
621.8	4.74822930259611E-20
622	4.73050172610197E-20
622.2	4.71321127085247E-20
622.4	4.69563578142027E-20
622.6	4.67739192532605E-20
622.8	4.65910046728749E-20
623	4.64078882761184E-20
623.2	4.62253208070532E-20
623.4	4.60383463656966E-20
623.6	4.58448809766055E-20
623.8	4.56510397801977E-20
624	4.54596110743248E-20
624.2	4.52632928370665E-20
624.4	4.50626717040807E-20
624.6	4.48701134725909E-20
624.8	4.46785242756027E-20
625	4.44818266466103E-20
625.2	4.42854208607096E-20
625.4	4.40854127411793E-20
625.6	4.38817733714967E-20
625.8	4.36764065349952E-20
626	4.34654709997102E-20
626.2	4.32503925699572E-20
626.4	4.30410406006779E-20
626.6	4.28287735444873E-20
626.8	4.26138501013338E-20
627	4.24036958825531E-20
627.2	4.21904888935294E-20
627.4	4.19735604175523E-20
627.6	4.17565285869443E-20
627.8	4.15378475305368E-20
628	4.13169035064946E-20
628.2	4.11007224006398E-20
628.4	4.08824473066518E-20
628.6	4.06593702614563E-20
628.8	4.04386899393424E-20
629	4.02176733903592E-20
629.2	3.99914597072521E-20
629.4	3.97626417956946E-20
629.6	3.95374254882541E-20
629.8	3.93092545469733E-20
630	3.90769168921285E-20
630.2	3.88484640083427E-20
630.4	3.86199680753842E-20
630.6	3.83890438075179E-20
630.8	3.81566934497223E-20
631	3.7919246291162E-20
631.2	3.76756705549203E-20
631.4	3.74359440782455E-20
631.6	3.72009897951943E-20
631.8	3.69650386715191E-20
632	3.67286784734348E-20
632.2	3.6495384302466E-20
632.4	3.6261231299363E-20
632.6	3.60230791605517E-20
632.8	3.57851025974934E-20
633	3.5550324532271E-20
633.2	3.53141696005995E-20
633.4	3.50723804283818E-20
633.6	3.48281462234262E-20
633.8	3.45863191499056E-20
634	3.43453765478545E-20
634.2	3.41032392761438E-20
634.4	3.3866721609796E-20
634.6	3.36302291888694E-20
634.8	3.33877722732699E-20
635	3.31452174544249E-20
635.2	3.29025772704791E-20
635.4	3.26581674841717E-20
635.6	3.24156457676139E-20
635.8	3.21761847430651E-20
636	3.19357086214183E-20
636.2	3.16967569141922E-20
636.4	3.14581889579051E-20
636.6	3.12176905395745E-20
636.8	3.09770478739055E-20
637	3.0738812198052E-20
637.2	3.04985887309686E-20
637.4	3.02545068188955E-20
637.6	3.00120096145495E-20
637.8	2.97701824802573E-20
638	2.9524993236553E-20
638.2	2.9279640393701E-20
638.4	2.90391272372017E-20
638.6	2.87995868701223E-20
638.8	2.85573395083698E-20
639	2.83174371974807E-20
639.2	2.80814466666722E-20
639.4	2.78434637669906E-20
639.6	2.76038237345291E-20
639.8	2.7366230776721E-20
640	2.71295759025023E-20
640.2	2.68908437253698E-20
640.4	2.66525627441223E-20
640.6	2.64153281096145E-20
640.8	2.61778197469538E-20
641	2.59388576737989E-20
641.2	2.57015978964711E-20
641.4	2.54668256810696E-20
641.6	2.52332982904239E-20
641.8	2.50013290098328E-20
642	2.47716194748467E-20
642.2	2.45422273337196E-20
642.4	2.43119603774171E-20
642.6	2.40815415628565E-20
642.8	2.38515913055403E-20
643	2.36209747392326E-20
643.2	2.33879823232642E-20
643.4	2.31556944164524E-20
643.6	2.29251115296603E-20
643.8	2.26946673466821E-20
644	2.24679068172184E-20
644.2	2.2246685348777E-20
644.4	2.20252657227173E-20
644.6	2.18039801471472E-20
644.8	2.15847499619872E-20
645	2.13651652845405E-20
645.2	2.11436878982765E-20
645.4	2.09248940720141E-20
645.6	2.07094366172534E-20
645.8	2.04950860401089E-20
646	2.02798249385617E-20
646.2	2.00636154835012E-20
646.4	1.98491703133647E-20
646.6	1.96348525503284E-20
646.8	1.9420835744825E-20
647	1.92090147611088E-20
647.2	1.89998334540363E-20
647.4	1.87938551405717E-20
647.6	1.85903240260287E-20
647.8	1.83873978872697E-20
648	1.8185750542671E-20
648.2	1.79856880261894E-20
648.4	1.77846286053669E-20
648.6	1.758277465471E-20
648.8	1.73822752046031E-20
649	1.71847584610349E-20
649.2	1.69917909030111E-20
649.4	1.68003476591558E-20
649.6	1.66095485041856E-20
649.8	1.64202789961139E-20
650	1.62316436597633E-20
650.2	1.60437615347515E-20
650.4	1.58564313845138E-20
650.6	1.56713382631483E-20
650.8	1.54885039053975E-20
651	1.53056512401281E-20
651.2	1.51229343754242E-20
651.4	1.49439958083274E-20
651.6	1.47667504651979E-20
651.8	1.45905155125579E-20
652	1.44172170621739E-20
652.2	1.42454994983569E-20
652.4	1.40728921601264E-20
652.6	1.39008389126618E-20
652.8	1.3730010435309E-20
653	1.3560020565211E-20
653.2	1.33903563517839E-20
653.4	1.32227112475841E-20
653.6	1.30584614363471E-20
653.8	1.28943717145649E-20
654	1.2730978651173E-20
654.2	1.2572275164256E-20
654.4	1.24162515103286E-20
654.6	1.22585693763252E-20
654.8	1.21047739853587E-20
655	1.19553277180173E-20
655.2	1.18041281534301E-20
655.4	1.16524627825576E-20
655.6	1.15049994726201E-20
655.8	1.1358441668106E-20
656	1.12118611487248E-20
656.2	1.10678850361597E-20
656.4	1.09264592175043E-20
656.6	1.07858693508455E-20
656.8	1.06458201262657E-20
657	1.05075018717264E-20
657.2	1.03707412714726E-20
657.4	1.02339974201078E-20
657.6	1.00977547537013E-20
657.8	9.96429526300194E-21
658	9.83273743497565E-21
658.2	9.70285498534274E-21
658.4	9.5758414239945E-21
658.6	9.45080054866319E-21
658.8	9.32509889252949E-21
659	9.20047102928695E-21
659.2	9.07848743422594E-21
659.4	8.95678848027254E-21
659.6	8.83706479487216E-21
659.8	8.71942593984E-21
660	8.60239859795031E-21
660.2	8.48499492009124E-21
660.4	8.36943955084415E-21
660.6	8.25634791782888E-21
660.8	8.144816625502E-21
661	8.03219511888002E-21
661.2	7.91898600786947E-21
661.4	7.80883389589759E-21
661.6	7.69916385117268E-21
661.8	7.5918973438069E-21
662	7.48957891715342E-21
662.2	7.38925010296204E-21
662.4	7.28859402105778E-21
662.6	7.18946678540289E-21
662.8	7.08958078838132E-21
663	6.99003141550806E-21
663.2	6.894727523474E-21
663.4	6.79940538520999E-21
663.6	6.70412076178937E-21
663.8	6.61343201449168E-21
664	6.52445888574281E-21
664.2	6.43298683910147E-21
664.4	6.34446467009522E-21
664.6	6.25740122465305E-21
664.8	6.16914566915945E-21
665	6.08179945087587E-21
665.2	5.99772204046735E-21
665.4	5.91596977377287E-21
665.6	5.83623851800474E-21
665.8	5.75834795222922E-21
666	5.68085874111903E-21
666.2	5.603745314287E-21
666.4	5.52514416940073E-21
666.6	5.44757853655715E-21
666.8	5.37100475002893E-21
667	5.29596879883429E-21
667.2	5.22432115028475E-21
667.4	5.1531283757408E-21
667.6	5.0820082794761E-21
667.8	5.01381925876999E-21
668	4.94583933807307E-21
668.2	4.87760546266444E-21
668.4	4.81068695543115E-21
668.6	4.74549514676391E-21
668.8	4.68055828486496E-21
669	4.61494833256818E-21
669.2	4.55009144127842E-21
669.4	4.48775940751498E-21
669.6	4.42555780800357E-21
669.8	4.36428994548426E-21
670	4.30482414316892E-21
670.2	4.24488320588786E-21
670.4	4.18611557686841E-21
670.6	4.13000702905293E-21
670.8	4.07475163600345E-21
671	4.0195786764414E-21
671.2	3.96496571434786E-21
671.4	3.91114690219721E-21
671.6	3.85569825795489E-21
671.8	3.79862052727549E-21
672	3.74485669316162E-21
672.2	3.69237204415324E-21
672.4	3.63942353775274E-21
672.6	3.58869612964864E-21
672.8	3.53937527748834E-21
673	3.49062791145833E-21
673.2	3.44275661260693E-21
673.4	3.39547574637031E-21
673.6	3.35008987062027E-21
673.8	3.30626489719109E-21
674	3.26217457264679E-21
674.2	3.21757211428311E-21
674.4	3.17289724854303E-21
674.6	3.12632245048691E-21
674.8	3.0796032778522E-21
675	3.03376635366459E-21
675.2	2.9902679694014E-21
675.4	2.94894772659104E-21
675.6	2.9085455051715E-21
675.8	2.86923647837622E-21
676	2.83005602783725E-21
676.2	2.7916614391768E-21
676.4	2.7546520031263E-21
676.6	2.71809401844078E-21
676.8	2.68081024274058E-21
677	2.64521939022168E-21
677.2	2.61055985207735E-21
677.4	2.57452345906647E-21
677.6	2.53808703377036E-21
677.8	2.50374585298492E-21
678	2.46981235970261E-21
678.2	2.43567306016569E-21
678.4	2.4027112861129E-21
678.6	2.37021757184419E-21
678.8	2.33812353888846E-21
679	2.30644350630273E-21
679.2	2.2730864191757E-21
679.4	2.24037850690336E-21
679.6	2.21090269301908E-21
679.8	2.18095324693388E-21
680	2.15135141734996E-21
680.2	2.12399994495291E-21
680.4	2.09530698688489E-21
680.6	2.06508076985303E-21
680.8	2.03750257872779E-21
681	2.01033127454137E-21
681.2	1.98353885734425E-21
681.4	1.95864060966136E-21
681.6	1.93465097803429E-21
681.8	1.91008385749832E-21
682	1.88603468569752E-21
682.2	1.86152172571202E-21
682.4	1.83625964940295E-21
682.6	1.8125298998884E-21
682.8	1.78850269249057E-21
683	1.76384637096786E-21
683.2	1.73944473134404E-21
683.4	1.71684726884186E-21
683.6	1.69472207945965E-21
683.8	1.67274788701678E-21
684	1.65148068205095E-21
684.2	1.63287902510173E-21
684.4	1.61388434216462E-21
684.6	1.59335440209409E-21
684.8	1.57344746288343E-21
685	1.55468959507221E-21
685.2	1.53474946531586E-21
685.4	1.51540342564262E-21
685.6	1.49797782040705E-21
685.8	1.47929965222027E-21
686	1.45933344327815E-21
686.2	1.4401872910752E-21
686.4	1.42151523162558E-21
686.6	1.40130071727455E-21
686.8	1.38262473751047E-21
687	1.36478659385612E-21
687.2	1.34651794803523E-21
687.4	1.32834568999796E-21
687.6	1.31154810014289E-21
687.8	1.29564653324127E-21
688	1.27981144544169E-21
688.2	1.26446795536395E-21
688.4	1.2489140903986E-21
688.6	1.23239708969428E-21
688.8	1.21605836158269E-21
689	1.20007444609626E-21
689.2	1.1831955143618E-21
689.4	1.16625986634557E-21
689.6	1.15025470934551E-21
689.8	1.13488376764219E-21
690	1.12049575135797E-21
690.2	1.10695806994467E-21
690.4	1.09428129731298E-21
690.6	1.0816531300636E-21
690.8	1.06779838708421E-21
691	1.05311409878459E-21
691.2	1.03853039036125E-21
691.4	1.02325757009772E-21
691.6	1.00877553569455E-21
691.8	9.95381380072623E-22
692	9.81866948512991E-22
692.2	9.68911230270604E-22
692.4	9.57717185818012E-22
692.6	9.46091819091236E-22
692.8	9.32993389778504E-22
693	9.20312878107159E-22
693.2	9.08515893812708E-22
693.4	8.95972893722959E-22
693.6	8.83986873013542E-22
693.8	8.73585075126078E-22
694	8.62695418670001E-22
694.2	8.51889839257862E-22
694.4	8.40469375131209E-22
694.6	8.27485298553607E-22
694.8	8.15133522353077E-22
695	8.0476573731241E-22
695.2	7.94140981758114E-22
695.4	7.84521946871439E-22
695.6	7.76430232330432E-22
695.8	7.67575723842298E-22
696	7.57099606992664E-22
696.2	7.4610417114674E-22
696.4	7.36265827470284E-22
696.6	7.26544933324091E-22
696.8	7.18232905599888E-22
697	7.1100538523487E-22
697.2	7.0305546717535E-22
697.4	6.94129557412248E-22
697.6	6.85100605605207E-22
697.8	6.76144421783923E-22
698	6.66574081822503E-22
698.2	6.57918091136154E-22
698.4	6.50935958983989E-22
698.6	6.44271710330621E-22
698.8	6.35252059283799E-22
699	6.25363562405686E-22
699.2	6.17230173540629E-22
699.4	6.09256274215515E-22
699.6	6.01342559218807E-22
699.8	5.94497118013659E-22
700	5.89108598218408E-22
700.2	5.84340344271841E-22
700.4	5.79556587809536E-22
700.6	5.73886295470099E-22
700.8	5.68795963784038E-22
701	5.63139259099718E-22
701.2	5.54497766282444E-22
701.4	5.44896239624734E-22
701.6	5.36830512257994E-22
701.8	5.29562959366646E-22
702	5.23715670395473E-22
702.2	5.18215080603543E-22
702.4	5.11850295325605E-22
702.6	5.06401864941638E-22
702.8	5.00146779805632E-22
703	4.92414346805314E-22
703.2	4.85768973836155E-22
703.4	4.7942662065747E-22
703.6	4.70871666036088E-22
703.8	4.63811658433347E-22
704	4.58790355884335E-22
704.2	4.5392480364137E-22
704.4	4.4932424597054E-22
704.6	4.45721383176015E-22
704.8	4.40928872443061E-22
705	4.34884432477109E-22
705.2	4.27675239851017E-22
705.4	4.201525406723E-22
705.6	4.13204786226936E-22
705.8	4.07003775842373E-22
706	4.0153118025407E-22
706.2	3.97410183073162E-22
706.4	3.94795531455074E-22
706.6	3.91257229893414E-22
706.8	3.86632233020323E-22
707	3.82861582741711E-22
707.2	3.78032232215036E-22
707.4	3.71430903465731E-22
707.6	3.67904729511972E-22
707.8	3.65067121494183E-22
708	3.59755291993152E-22
708.2	3.56131364345858E-22
708.4	3.52093804789312E-22
708.6	3.45938206171401E-22
708.8	3.40883801674924E-22
709	3.35972928026193E-22
709.2	3.30804902541201E-22
709.4	3.27524482506446E-22
709.6	3.22558257664407E-22
709.8	3.16332443617547E-22
710	3.12619059455827E-22
710.2	3.07376167975386E-22
710.4	3.03048719326902E-22
710.6	3.01949622885063E-22
710.8	2.99744134607984E-22
711	2.96132973046833E-22
711.2	2.93304119015374E-22
711.4	2.89681376564397E-22
711.6	2.85813518902525E-22
711.8	2.83553590694392E-22
712	2.80530869467763E-22
712.2	2.77790559603456E-22
712.4	2.7572386035377E-22
712.6	2.71817247713452E-22
712.8	2.67223072700237E-22
713	2.64624014083478E-22
713.2	2.61752118830929E-22
713.4	2.57775928952066E-22
713.6	2.54524232907397E-22
713.8	2.50457401635778E-22
714	2.45291382491578E-22
714.2	2.40915056994053E-22
714.4	2.35833751937752E-22
714.6	2.3108099960119E-22
714.8	2.28749670694665E-22
715	2.25036012942376E-22
715.2	2.20612542728876E-22
715.4	2.18565175330027E-22
715.6	2.1658993813263E-22
715.8	2.12788648155383E-22
716	2.11823872299012E-22
716.2	2.11069559901926E-22
716.4	2.06322096632235E-22
716.6	2.00206530145309E-22
716.8	1.95637796643961E-22
717	1.90878478856488E-22
717.2	1.86087062795199E-22
717.4	1.84215871798891E-22
717.6	1.83364352162033E-22
717.8	1.80667995121941E-22
718	1.76348206486701E-22
718.2	1.71653723636296E-22
718.4	1.67558441460278E-22
718.6	1.66823825763224E-22
718.8	1.67754041193619E-22
719	1.67056356955268E-22
719.2	1.67003832417058E-22
719.4	1.6530279941577E-22
719.6	1.60432140201675E-22
719.8	1.57983725112383E-22
720	1.56906969590632E-22
720.2	1.53947442000262E-22
720.4	1.51691617223078E-22
720.6	1.47692994992135E-22
720.8	1.41351098083601E-22
721	1.36379310663477E-22
721.2	1.33223362807287E-22
721.4	1.31593821766608E-22
721.6	1.31063195124543E-22
721.8	1.30251980942686E-22
722	1.2942015810129E-22
722.2	1.28457844337639E-22
722.4	1.26256276825852E-22
722.6	1.2363113805955E-22
722.8	1.19369892581496E-22
723	1.14140953181239E-22
723.2	1.10185280872783E-22
723.4	1.06933767308559E-22
723.6	1.04410668668732E-22
723.8	1.03750827654787E-22
724	1.03463857020987E-22
724.2	1.02360930413043E-22
724.4	1.00558951596584E-22
724.6	9.73776532739008E-23
724.8	9.25658107802218E-23
725	8.85809581192615E-23
725.2	8.50841470388721E-23
725.4	8.17140881803283E-23
725.6	8.02049161071096E-23
725.8	7.87898506814309E-23
726	7.57039356690154E-23
726.2	7.2656137552703E-23
726.4	7.04433538839908E-23
726.6	6.98874679511576E-23
726.8	7.11467832101218E-23
727	7.27986655868184E-23
727.2	7.0719199721462E-23
727.4	6.63366733779989E-23
727.6	6.1771587344652E-23
727.8	5.66404021941142E-23
728	5.19370741697524E-23
728.2	4.84106268276783E-23
728.4	4.70985133998514E-23
728.6	4.55923505032583E-23
728.8	4.28356265263748E-23
729	3.99882610253218E-23
729.2	3.75160456158903E-23
729.4	3.43962084343012E-23
729.6	3.06053140525032E-23
729.8	2.74785465561556E-23
730	2.49815278818103E-23
730.2	2.40214026580205E-23
730.4	2.25474293845699E-23
730.6	2.07026830878099E-23
730.8	2.08429312391894E-23
731	2.1090508428302E-23
731.2	2.08531443980291E-23
731.4	1.8981771012705E-23
731.6	1.4578362448633E-23
731.8	1.05815640615612E-23