0.012000 0.001669
0.016000 0.002253
0.020000 0.002789
0.024000 0.003323
0.028000 0.003856
0.032000 0.004419
0.036000 0.004955
0.040000 0.005484
0.044000 0.005990
0.048000 0.006468
0.052000 0.006939
0.056000 0.007464
0.060000 0.008009
0.064000 0.008555
0.068000 0.009017
0.072000 0.009465
0.076000 0.009967
0.080000 0.010490
0.084000 0.011001
0.088000 0.011502
0.092000 0.011979
0.096000 0.012443
0.100000 0.012954
0.104000 0.013527
0.108000 0.014093
0.112000 0.014654
0.116000 0.015137
0.120000 0.015602
0.124000 0.016127
0.128000 0.016595
0.132000 0.017049
0.136000 0.017499
0.140000 0.018003
0.144000 0.018612
0.148000 0.019268
0.152000 0.019926
0.156000 0.020467
0.160000 0.020971
0.164000 0.021544
0.168000 0.022116
0.172000 0.022646
0.176000 0.023010
0.180000 0.023411
0.184000 0.023901
0.188000 0.024447
0.192000 0.025010
0.196000 0.025505
0.200000 0.026038
0.204000 0.026525
0.208000 0.027007
0.212000 0.027530
0.216000 0.028008
0.220000 0.028508
0.224000 0.029146
0.228000 0.029967
0.232000 0.030669
0.236000 0.031074
0.240000 0.031272
0.244000 0.031565
0.248000 0.032019
0.252000 0.032589
0.256000 0.033123
0.260000 0.033506
0.264000 0.033869
0.268000 0.034355
0.272000 0.034978
0.276000 0.035615
0.280000 0.036303
0.284000 0.037054
0.288000 0.037761
0.292000 0.038394
0.296000 0.038974
0.300000 0.039413
0.304000 0.039738
0.308000 0.040168
0.312000 0.040568
0.316000 0.040960
0.320000 0.041398
0.324000 0.041865
0.328000 0.042280
0.332000 0.042691
0.336000 0.043150
0.340000 0.043561
0.344000 0.044143
0.348000 0.044691
0.352000 0.045069
0.356000 0.045562
0.360000 0.046087
0.364000 0.046671
0.368000 0.047287
0.372000 0.047862
0.376000 0.048479
0.380000 0.049152
0.384000 0.049618
0.388000 0.050101
0.392000 0.050730
0.396000 0.051224
0.400000 0.051693
0.404000 0.052312
0.408000 0.052859
0.412000 0.053387
0.416000 0.053924
0.420000 0.054467
0.424000 0.055009
0.428000 0.055530
0.432000 0.056126
0.436000 0.056713
0.440000 0.057209
0.444000 0.057598
0.448000 0.058065
0.452000 0.058560
0.456000 0.059010
0.460000 0.059339
0.464000 0.059702
0.468000 0.060301
0.472000 0.060995
0.476000 0.061756
0.480000 0.062383
0.484000 0.062857
0.488000 0.063483
0.492000 0.064347
0.496000 0.065154
0.500000 0.065925
0.504000 0.066709
0.508000 0.067329
0.512000 0.067978
0.516000 0.068529
0.520000 0.069108
0.524000 0.069763
0.528000 0.070251
0.532000 0.070837
0.536000 0.071483
0.540000 0.072047
0.544000 0.072585
0.548000 0.073219
0.552000 0.073896
0.556000 0.074505
0.560000 0.075076
0.564000 0.075543
0.568000 0.075952
0.572000 0.076427
0.576000 0.076961
0.580000 0.077691
0.584000 0.078319
0.588000 0.078891
0.592000 0.079423
0.596000 0.079796
0.600000 0.080099
0.604000 0.080433
0.608000 0.081029
0.612000 0.081720
0.616000 0.082362
0.620000 0.082933
0.624000 0.083462
0.628000 0.084057
0.632000 0.084539
0.636000 0.084981
0.640000 0.085406
0.644000 0.085946
0.648000 0.086568
0.652000 0.087131
0.656000 0.087598
0.660000 0.087948
0.664000 0.088594
0.668000 0.089421
0.672000 0.090282
0.676000 0.091105
0.680000 0.091685
0.684000 0.092105
0.688000 0.092402
0.692000 0.092874
0.696000 0.093516
0.700000 0.094040
0.704000 0.094635
0.708000 0.095130
0.712000 0.095583
0.716000 0.096249
0.720000 0.097050
0.724000 0.097650
0.728000 0.098153
0.732000 0.098735
0.736000 0.099356
0.740000 0.099855
0.744000 0.100468
0.748000 0.100917
0.752000 0.101204
0.756000 0.101696
0.760000 0.102236
0.764000 0.102860
0.768000 0.103565
0.772000 0.104206
0.776000 0.104783
0.780000 0.105466
0.784000 0.106218
0.788000 0.106861
0.792000 0.107424
0.796000 0.107802
0.800000 0.108170
0.804000 0.108676
0.808000 0.109094
0.812000 0.109566
0.816000 0.110223
0.820000 0.110918
0.824000 0.111501
0.828000 0.111946
0.832000 0.112492
0.836000 0.112972
0.840000 0.113476
0.844000 0.113896
0.848000 0.114184
0.852000 0.114851
0.856000 0.115587
0.860000 0.116230
0.864000 0.116719
0.868000 0.117197
0.872000 0.117578
0.876000 0.118104
0.880000 0.118631
0.884000 0.119400
0.888000 0.120087
0.892000 0.120298
0.896000 0.120625
0.900000 0.121235
0.904000 0.121966
0.908000 0.122649
0.912000 0.123363
0.916000 0.123841
0.920000 0.124396
0.924000 0.124884
0.928000 0.125141
0.932000 0.125532
0.936000 0.126231
0.940000 0.127012
0.944000 0.127500
0.948000 0.127774
0.952000 0.127896
0.956000 0.127921
0.960000 0.127943
0.964000 0.128376
0.968000 0.129020
0.972000 0.129485
0.976000 0.129724
0.980000 0.129898
0.984000 0.130221
0.988000 0.130554
0.992000 0.130747
0.996000 0.130949
1.000000 0.131342
1.004000 0.131881
1.008000 0.132553
1.012000 0.133378
1.016000 0.134002
1.020000 0.134316
1.024000 0.134687
1.028000 0.135269
1.032000 0.135929
1.036000 0.136555
1.040000 0.137070
1.044000 0.137572
1.048000 0.138215
1.052000 0.138821
1.056000 0.139356
1.060000 0.140023
1.064000 0.140750
1.068000 0.141513
1.072000 0.142171
1.076000 0.142801
1.080000 0.143580
1.084000 0.144203
1.088000 0.144715
1.092000 0.145111
1.096000 0.145858
1.100000 0.146533
1.104000 0.147050
1.108000 0.147601
1.112000 0.147987
1.116000 0.148475
1.120000 0.148966
1.124000 0.149468
1.128000 0.149785
1.132000 0.150096
1.136000 0.150428
1.140000 0.150745
1.144000 0.151381
1.148000 0.152227
1.152000 0.152876
1.156000 0.153562
1.160000 0.154499
1.164000 0.155155
1.168000 0.155601
1.172000 0.156045
1.176000 0.156486
1.180000 0.156868
1.184000 0.157404
1.188000 0.158211
1.192000 0.158745
1.196000 0.159035
1.200000 0.159225
1.204000 0.159633
1.208000 0.160392
1.212000 0.161077
1.216000 0.161337
1.220000 0.161621
1.224000 0.162113
1.228000 0.162819
1.232000 0.163562
1.236000 0.164174
1.240000 0.164545
1.244000 0.164954
1.248000 0.165253
1.252000 0.165181
1.256000 0.165291
1.260000 0.165558
1.264000 0.166178
1.268000 0.167007
1.272000 0.167635
1.276000 0.167709
1.280000 0.167903
1.284000 0.168520
1.288000 0.169122
1.292000 0.169630
1.296000 0.170169
1.300000 0.170729
1.304000 0.171121
1.308000 0.171519
1.312000 0.172109
1.316000 0.172599
1.320000 0.173245
1.324000 0.173860
1.328000 0.174354
1.332000 0.174834
1.336000 0.175418
1.340000 0.176173
1.344000 0.176889
1.348000 0.177562
1.352000 0.177922
1.356000 0.177921
1.360000 0.177907
1.364000 0.178361
1.368000 0.179315
1.372000 0.180340
1.376000 0.181002
1.380000 0.181306
1.384000 0.181969
1.388000 0.183001
1.392000 0.183633
1.396000 0.184033
1.400000 0.184389
1.404000 0.184822
1.408000 0.185408
1.412000 0.186094
1.416000 0.186891
1.420000 0.187566
1.424000 0.188285
1.428000 0.188876
1.432000 0.189352
1.436000 0.189931
1.440000 0.190322
1.444000 0.190818
1.448000 0.191384
1.452000 0.191881
1.456000 0.192425
1.460000 0.192904
1.464000 0.193395
1.468000 0.193912
1.472000 0.194155
1.476000 0.194463
1.480000 0.195157
1.484000 0.196102
1.488000 0.196886
1.492000 0.197458
1.496000 0.198083
1.500000 0.198733
1.504000 0.199650
1.508000 0.200680
1.512000 0.201366
1.516000 0.202099
1.520000 0.202876
1.524000 0.203617
1.528000 0.204455
1.532000 0.205033
1.536000 0.205315
1.540000 0.205641
1.544000 0.205918
1.548000 0.206248
1.552000 0.206854
1.556000 0.207465
1.560000 0.208233
1.564000 0.208821
1.568000 0.209194
1.572000 0.210056
1.576000 0.210997
1.580000 0.211704
1.584000 0.212161
1.588000 0.212598
1.592000 0.213016
1.596000 0.213453
1.600000 0.214010
1.604000 0.214870
1.608000 0.215648
1.612000 0.216194
1.616000 0.216804
1.620000 0.217742
1.624000 0.218646
1.628000 0.219280
1.632000 0.219728
1.636000 0.220039
1.640000 0.220374
1.644000 0.220585
1.648000 0.220789
1.652000 0.221018
1.656000 0.221371
1.660000 0.221912
1.664000 0.222474
1.668000 0.223041
1.672000 0.223669
1.676000 0.224207
1.680000 0.224558
1.684000 0.225041
1.688000 0.226194
1.692000 0.227243
1.696000 0.227878
1.700000 0.228416
1.704000 0.228621
1.708000 0.228975
1.712000 0.229344
1.716000 0.229739
1.720000 0.230202
1.724000 0.230714
1.728000 0.231167
1.732000 0.231793
1.736000 0.232286
1.740000 0.232513
1.744000 0.232520
1.748000 0.232709
1.752000 0.233185
1.756000 0.233784
1.760000 0.234411
1.764000 0.234697
1.768000 0.235340
1.772000 0.236457
1.776000 0.237263
1.780000 0.237894
1.784000 0.238389
1.788000 0.239040
1.792000 0.239738
1.796000 0.240383
1.800000 0.241089
1.804000 0.241859
1.808000 0.242653
1.812000 0.243565
1.816000 0.244713
1.820000 0.245774
1.824000 0.246784
1.828000 0.247623
1.832000 0.248232
1.836000 0.249084
1.840000 0.249517
1.844000 0.249690
1.848000 0.249836
1.852000 0.250142
1.856000 0.250479
1.860000 0.250722
1.864000 0.251239
1.868000 0.251896
1.872000 0.252032
1.876000 0.252293
1.880000 0.253094
1.884000 0.253802
1.888000 0.254344
1.892000 0.254910
1.896000 0.255686
1.900000 0.256222
1.904000 0.256395
1.908000 0.256575
1.912000 0.256992
1.916000 0.257627
1.920000 0.258504
1.924000 0.259544
1.928000 0.260092
1.932000 0.260626
1.936000 0.261362
1.940000 0.262059
1.944000 0.262724
1.948000 0.263223
1.952000 0.263460
1.956000 0.263700
1.960000 0.263911
1.964000 0.264266
1.968000 0.264868
1.972000 0.265480
1.976000 0.266082
1.980000 0.266452
1.984000 0.266793
1.988000 0.267218
1.992000 0.267611
1.996000 0.267934
2.000000 0.268347
2.004000 0.268848
2.008000 0.269612
2.012000 0.270295
2.016000 0.270551
2.020000 0.270571
2.024000 0.270955
2.028000 0.271783
2.032000 0.272596
2.036000 0.273046
2.040000 0.273453
2.044000 0.274128
2.048000 0.274864
2.052000 0.275388
2.056000 0.276026
2.060000 0.276663
2.064000 0.277133
2.068000 0.277398
2.072000 0.277647
2.076000 0.278173
2.080000 0.279085
2.084000 0.279702
2.088000 0.280020
2.092000 0.280707
2.096000 0.281533
2.100000 0.282421
2.104000 0.283354
2.108000 0.283792
2.112000 0.284034
2.116000 0.284217
2.120000 0.284652
2.124000 0.285206
2.128000 0.285666
2.132000 0.286029
2.136000 0.286533
2.140000 0.287172
2.144000 0.287702
2.148000 0.288147
2.152000 0.288423
2.156000 0.288657
2.160000 0.288932
2.164000 0.289193
2.168000 0.289345
2.172000 0.289467
2.176000 0.289765
2.180000 0.290004
2.184000 0.290291
2.188000 0.290384
2.192000 0.290336
2.196000 0.290534
2.200000 0.290804
2.204000 0.290718
2.208000 0.290696
2.212000 0.291081
2.216000 0.292205
2.220000 0.293059
2.224000 0.293696
2.228000 0.294222
2.232000 0.294521
2.236000 0.294648
2.240000 0.294966
2.244000 0.295457
2.248000 0.295995
2.252000 0.296784
2.256000 0.297476
2.260000 0.298030
2.264000 0.298283
2.268000 0.298280
2.272000 0.298323
2.276000 0.298864
2.280000 0.299678
2.284000 0.300404
2.288000 0.301091
2.292000 0.301968
2.296000 0.302747
2.300000 0.303343
2.304000 0.303811
2.308000 0.303776
2.312000 0.303847
2.316000 0.304609
2.320000 0.305656
2.324000 0.306215
2.328000 0.306807
2.332000 0.307443
2.336000 0.307918
2.340000 0.308227
2.344000 0.308628
2.348000 0.309318
2.352000 0.310113
2.356000 0.310599
2.360000 0.311151
2.364000 0.311818
2.368000 0.312495
2.372000 0.313147
2.376000 0.313939
2.380000 0.314763
2.384000 0.315572
2.388000 0.316328
2.392000 0.316946
2.396000 0.317446
2.400000 0.317666
2.404000 0.317602
2.408000 0.318157
2.412000 0.319030
2.416000 0.319581
2.420000 0.319682
2.424000 0.319867
2.428000 0.320434
2.432000 0.321010
2.436000 0.321517
2.440000 0.322107
2.444000 0.322795
2.448000 0.323524
2.452000 0.324281
2.456000 0.324980
2.460000 0.325543
2.464000 0.325931
2.468000 0.326307
2.472000 0.326815
2.476000 0.327190
2.480000 0.327727
2.484000 0.328339
2.488000 0.328957
2.492000 0.329071
2.496000 0.329287
2.500000 0.329949
2.504000 0.330542
2.508000 0.331281
2.512000 0.331783
2.516000 0.332332
2.520000 0.333053
2.524000 0.333524
2.528000 0.334203
2.532000 0.334763
2.536000 0.335258
2.540000 0.335956
2.544000 0.336536
2.548000 0.336915
2.552000 0.337658
2.556000 0.338467
2.560000 0.338666
2.564000 0.339161
2.568000 0.339835
2.572000 0.340344
2.576000 0.340777
2.580000 0.340963
2.584000 0.340881
2.588000 0.340665
2.592000 0.340939
2.596000 0.341239
2.600000 0.341461
2.604000 0.341905
2.608000 0.342352
2.612000 0.342920
2.616000 0.343003
2.620000 0.342863
2.624000 0.343344
2.628000 0.344072
2.632000 0.344638
2.636000 0.344865
2.640000 0.345114
2.644000 0.345690
2.648000 0.346655
2.652000 0.347432
2.656000 0.348090
2.660000 0.348836
2.664000 0.349403
2.668000 0.349920
2.672000 0.350410
2.676000 0.351157
2.680000 0.351707
2.684000 0.352152
2.688000 0.352762
2.692000 0.353399
2.696000 0.353855
2.700000 0.354195
2.704000 0.354420
2.708000 0.354877
2.712000 0.355297
2.716000 0.355485
2.720000 0.355204
2.724000 0.355049
2.728000 0.355345
2.732000 0.355846
2.736000 0.356286
2.740000 0.356268
2.744000 0.355859
2.748000 0.355808
2.752000 0.356061
2.756000 0.356455
2.760000 0.356778
2.764000 0.357315
2.768000 0.358150
2.772000 0.358751
2.776000 0.359253
2.780000 0.360444
2.784000 0.361436
2.788000 0.362018
2.792000 0.362289
2.796000 0.362683
2.800000 0.363197
2.804000 0.363677
2.808000 0.364317
2.812000 0.364745
2.816000 0.365235
2.820000 0.365448
2.824000 0.365755
2.828000 0.366395
2.832000 0.367035
2.836000 0.367604
2.840000 0.368147
2.844000 0.368544
2.848000 0.368613
2.852000 0.368327
2.856000 0.368368
2.860000 0.369004
2.864000 0.369534
2.868000 0.370048
2.872000 0.370766
2.876000 0.370914
2.880000 0.371055
2.884000 0.371827
2.888000 0.372724
2.892000 0.373065
2.896000 0.373220
2.900000 0.374126
2.904000 0.374999
2.908000 0.375421
2.912000 0.376088
2.916000 0.376551
2.920000 0.377295
2.924000 0.378013
2.928000 0.378328
2.932000 0.378712
2.936000 0.379209
2.940000 0.379758
2.944000 0.380351
2.948000 0.380733
2.952000 0.381166
2.956000 0.381935
2.960000 0.382896
2.964000 0.383774
2.968000 0.384462
2.972000 0.384981
2.976000 0.385815
2.980000 0.386593
2.984000 0.386958
2.988000 0.387060
2.992000 0.387111
2.996000 0.386986
3.000000 0.387429
3.004000 0.388197
3.008000 0.388685
3.012000 0.389491
3.016000 0.390265
3.020000 0.390810
3.024000 0.391558
3.028000 0.392207
3.032000 0.392705
3.036000 0.392982
3.040000 0.393603
3.044000 0.394342
3.048000 0.394775
3.052000 0.395173
3.056000 0.395657
3.060000 0.396085
3.064000 0.396297
3.068000 0.396809
3.072000 0.397844
3.076000 0.398729
3.080000 0.399215
3.084000 0.399872
3.088000 0.400604
3.092000 0.401325
3.096000 0.402034
3.100000 0.402630
3.104000 0.402698
3.108000 0.402686
3.112000 0.402788
3.116000 0.403685
3.120000 0.404853
3.124000 0.405791
3.128000 0.406293
3.132000 0.406450
3.136000 0.406603
3.140000 0.407109
3.144000 0.408152
3.148000 0.408591
3.152000 0.408921
3.156000 0.409381
3.160000 0.409933
3.164000 0.410483
3.168000 0.411196
3.172000 0.412345
3.176000 0.413093
3.180000 0.413565
3.184000 0.414147
3.188000 0.414761
3.192000 0.415314
3.196000 0.415689
3.200000 0.416101
3.204000 0.416989
3.208000 0.417807
3.212000 0.418200
3.216000 0.418485
3.220000 0.418545
3.224000 0.418834
3.228000 0.419518
3.232000 0.420317
3.236000 0.421361
3.240000 0.422336
3.244000 0.422922
3.248000 0.423694
3.252000 0.424364
3.256000 0.424966
3.260000 0.425472
3.264000 0.425910
3.268000 0.426646
3.272000 0.427370
3.276000 0.427960
3.280000 0.428481
3.284000 0.428760
3.288000 0.429325
3.292000 0.430394
3.296000 0.431321
3.300000 0.431433
3.304000 0.431143
3.308000 0.431456
3.312000 0.432095
3.316000 0.433187
3.320000 0.433972
3.324000 0.434084
3.328000 0.434329
3.332000 0.435362
3.336000 0.436263
3.340000 0.436769
3.344000 0.437618
3.348000 0.438340
3.352000 0.438567
3.356000 0.438892
3.360000 0.439350
3.364000 0.439793
3.368000 0.440365
3.372000 0.441010
3.376000 0.441792
3.380000 0.442391
3.384000 0.443414
3.388000 0.444476
3.392000 0.445182
3.396000 0.445611
3.400000 0.445797
3.404000 0.445813
3.408000 0.446000
3.412000 0.446680
3.416000 0.447290
3.420000 0.447957
3.424000 0.448930
3.428000 0.449656
3.432000 0.450037
3.436000 0.450727
3.440000 0.451375
3.444000 0.452059
3.448000 0.453209
3.452000 0.454429
3.456000 0.455684
3.460000 0.456826
3.464000 0.457421
3.468000 0.457706
3.472000 0.458430
3.476000 0.459634
3.480000 0.460828
3.484000 0.461458
3.488000 0.462011
3.492000 0.462568
3.496000 0.463001
3.500000 0.463302
3.504000 0.463803
3.508000 0.464239
3.512000 0.465202
3.516000 0.466512
3.520000 0.467301
3.524000 0.467345
3.528000 0.467156
3.532000 0.467625
3.536000 0.468335
3.540000 0.468805
3.544000 0.469079
3.548000 0.469693
3.552000 0.470659
3.556000 0.471706
3.560000 0.472889
3.564000 0.474355
3.568000 0.475516
3.572000 0.476132
3.576000 0.476165
3.580000 0.476177
3.584000 0.476338
3.588000 0.476553
3.592000 0.476965
3.596000 0.477115
3.600000 0.477521
3.604000 0.478230
3.608000 0.478831
3.612000 0.479558
3.616000 0.480354
3.620000 0.480804
3.624000 0.481237
3.628000 0.482161
3.632000 0.483161
3.636000 0.484156
3.640000 0.485002
3.644000 0.485468
3.648000 0.485851
3.652000 0.486406
3.656000 0.487016
3.660000 0.487474
3.664000 0.487966
3.668000 0.488441
3.672000 0.488970
3.676000 0.489301
3.680000 0.489338
3.684000 0.489671
3.688000 0.490124
3.692000 0.490999
3.696000 0.492269
3.700000 0.493701
3.704000 0.494696
3.708000 0.495451
3.712000 0.496125
3.716000 0.496741
3.720000 0.497201
3.724000 0.498054
3.728000 0.498703
3.732000 0.499081
3.736000 0.499720
3.740000 0.500730
3.744000 0.502231
3.748000 0.503200
3.752000 0.503798
3.756000 0.504320
3.760000 0.504306
3.764000 0.504596
3.768000 0.505458
3.772000 0.506479
3.776000 0.507284
3.780000 0.507984
3.784000 0.508746
3.788000 0.509282
3.792000 0.510121
3.796000 0.510645
3.800000 0.510918
3.804000 0.511530
3.808000 0.512465
3.812000 0.513526
3.816000 0.514096
3.820000 0.514430
3.824000 0.514565
3.828000 0.514996
3.832000 0.515718
3.836000 0.516488
3.840000 0.517204
3.844000 0.517734
3.848000 0.518301
3.852000 0.518588
3.856000 0.518909
3.860000 0.519975
3.864000 0.521254
3.868000 0.521667
3.872000 0.522389
3.876000 0.523523
3.880000 0.524081
3.884000 0.524532
3.888000 0.525311
3.892000 0.526303
3.896000 0.526970
3.900000 0.527449
3.904000 0.528006
3.908000 0.529117
3.912000 0.529985
3.916000 0.530301
3.920000 0.530423
3.924000 0.530616
3.928000 0.530595
3.932000 0.530660
3.936000 0.530868
3.940000 0.530844
3.944000 0.530917
3.948000 0.531393
3.952000 0.531959
3.956000 0.532411
3.960000 0.533223
3.964000 0.533756
3.968000 0.534329
3.972000 0.534891
3.976000 0.535990
3.980000 0.537412
3.984000 0.538261
3.988000 0.538695
3.992000 0.538912
3.996000 0.538577
4.000000 0.538548
4.004000 0.538546
4.008000 0.538561
4.012000 0.538571
4.016000 0.538381
4.020000 0.538325
4.024000 0.538517
4.028000 0.538922
4.032000 0.539291
4.036000 0.539955
4.040000 0.540260
4.044000 0.540881
4.048000 0.541867
4.052000 0.542504
4.056000 0.542786
4.060000 0.543266
4.064000 0.543844
4.068000 0.544721
4.072000 0.545110
4.076000 0.544918
4.080000 0.545241
4.084000 0.545489
4.088000 0.545789
4.092000 0.545978
4.096000 0.545953
4.100000 0.546478
4.104000 0.547531
4.108000 0.548429
4.112000 0.548972
4.116000 0.549138
4.120000 0.549498
4.124000 0.550092
4.128000 0.550528
4.132000 0.551052
4.136000 0.551677
4.140000 0.552285
4.144000 0.552715
4.148000 0.553261
4.152000 0.553769
4.156000 0.554401
4.160000 0.555150
4.164000 0.556041
4.168000 0.556364
4.172000 0.556521
4.176000 0.556810
4.180000 0.557083
4.184000 0.556993
4.188000 0.557403
4.192000 0.558302
4.196000 0.559135
4.200000 0.560078
4.204000 0.560734
4.208000 0.560962
4.212000 0.561636
4.216000 0.562284
4.220000 0.562379
4.224000 0.562732
4.228000 0.563346
4.232000 0.564054
4.236000 0.564477
4.240000 0.564763
4.244000 0.565323
4.248000 0.565672
4.252000 0.566016
4.256000 0.566191
4.260000 0.566473
4.264000 0.567185
4.268000 0.567899
4.272000 0.568343
4.276000 0.568582
4.280000 0.568942
4.284000 0.569513
4.288000 0.570024
4.292000 0.570627
4.296000 0.571319
4.300000 0.571990
4.304000 0.572622
4.308000 0.573963
4.312000 0.575156
4.316000 0.575652
4.320000 0.576270
4.324000 0.576599
4.328000 0.577399
4.332000 0.578054
4.336000 0.578347
4.340000 0.578611
4.344000 0.579258
4.348000 0.580027
4.352000 0.580494
4.356000 0.580674
4.360000 0.580709
4.364000 0.581029
4.368000 0.581239
4.372000 0.581742
4.376000 0.582648
4.380000 0.583466
4.384000 0.584286
4.388000 0.584957
4.392000 0.585330
4.396000 0.585985
4.400000 0.586445
4.404000 0.586704
4.408000 0.587390
4.412000 0.587478
4.416000 0.587691
4.420000 0.587849
4.424000 0.588112
4.428000 0.588305
4.432000 0.588618
4.436000 0.589314
4.440000 0.589998
4.444000 0.590734
4.448000 0.591442
4.452000 0.592501
4.456000 0.593778
4.460000 0.594678
4.464000 0.595408
4.468000 0.596087
4.472000 0.596832
4.476000 0.597578
4.480000 0.597701
4.484000 0.597898
4.488000 0.598223
4.492000 0.598681
4.496000 0.599160
4.500000 0.600020
4.504000 0.600891
4.508000 0.601489
4.512000 0.601648
4.516000 0.601796
4.520000 0.603069
4.524000 0.604448
4.528000 0.605288
4.532000 0.605865
4.536000 0.606402
4.540000 0.607148
4.544000 0.608589
4.548000 0.610124
4.552000 0.611436
4.556000 0.611979
4.560000 0.612110
4.564000 0.611784
4.568000 0.611216
4.572000 0.611280
4.576000 0.612051
4.580000 0.612338
4.584000 0.612673
4.588000 0.613426
4.592000 0.613744
4.596000 0.613636
4.600000 0.614484
4.604000 0.615504
4.608000 0.616495
4.612000 0.617287
4.616000 0.618003
4.620000 0.618855
4.624000 0.619289
4.628000 0.619623
4.632000 0.620135
4.636000 0.620638
4.640000 0.620856
4.644000 0.620897
4.648000 0.621170
4.652000 0.622107
4.656000 0.622786
4.660000 0.623357
4.664000 0.624087
4.668000 0.624422
4.672000 0.624743
4.676000 0.624902
4.680000 0.625066
4.684000 0.625651
4.688000 0.626264
4.692000 0.627330
4.696000 0.628397
4.700000 0.628847
4.704000 0.629299
4.708000 0.630006
4.712000 0.630868
4.716000 0.631074
4.720000 0.630854
4.724000 0.631190
4.728000 0.632176
4.732000 0.633002
4.736000 0.633954
4.740000 0.634801
4.744000 0.635097
4.748000 0.634920
4.752000 0.634290
4.756000 0.634571
4.760000 0.634806
4.764000 0.634564
4.768000 0.634357
4.772000 0.634143
4.776000 0.634213
4.780000 0.634355
4.784000 0.634697
4.788000 0.635381
4.792000 0.635564
4.796000 0.635496
4.800000 0.635744
4.804000 0.635746
4.808000 0.635829
4.812000 0.636383
4.816000 0.637227
4.820000 0.638127
4.824000 0.639262
4.828000 0.639918
4.832000 0.640054
4.836000 0.640708
4.840000 0.641533
4.844000 0.641819
4.848000 0.642141
4.852000 0.642755
4.856000 0.643856
4.860000 0.645251
4.864000 0.646365
4.868000 0.647017
4.872000 0.647297
4.876000 0.647768
4.880000 0.648282
4.884000 0.648538
4.888000 0.649103
4.892000 0.649069
4.896000 0.648702
4.900000 0.649058
4.904000 0.649279
4.908000 0.649417
4.912000 0.649162
4.916000 0.649223
4.920000 0.650409
4.924000 0.651504
4.928000 0.652054
4.932000 0.652738
4.936000 0.654393
4.940000 0.655768
4.944000 0.656300
4.948000 0.656750
4.952000 0.657346
4.956000 0.658415
4.960000 0.658991
4.964000 0.658921
4.968000 0.659481
4.972000 0.660595
4.976000 0.661399
4.980000 0.661910
4.984000 0.662265
4.988000 0.662913
4.992000 0.663750
4.996000 0.663837
