0.012000 0.001734
0.016000 0.002343
0.020000 0.002874
0.024000 0.003396
0.028000 0.003966
0.032000 0.004548
0.036000 0.005092
0.040000 0.005624
0.044000 0.006151
0.048000 0.006675
0.052000 0.007214
0.056000 0.007760
0.060000 0.008269
0.064000 0.008753
0.068000 0.009276
0.072000 0.009832
0.076000 0.010387
0.080000 0.010942
0.084000 0.011491
0.088000 0.012033
0.092000 0.012580
0.096000 0.013136
0.100000 0.013688
0.104000 0.014230
0.108000 0.014801
0.112000 0.015458
0.116000 0.016098
0.120000 0.016664
0.124000 0.017230
0.128000 0.017794
0.132000 0.018356
0.136000 0.018897
0.140000 0.019440
0.144000 0.020078
0.148000 0.020716
0.152000 0.021291
0.156000 0.021863
0.160000 0.022411
0.164000 0.022957
0.168000 0.023389
0.172000 0.023798
0.176000 0.024274
0.180000 0.024767
0.184000 0.025277
0.188000 0.025792
0.192000 0.026289
0.196000 0.026778
0.200000 0.027364
0.204000 0.028015
0.208000 0.028616
0.212000 0.029176
0.216000 0.029804
0.220000 0.030502
0.224000 0.031133
0.228000 0.031672
0.232000 0.032133
0.236000 0.032462
0.240000 0.032822
0.244000 0.033252
0.248000 0.033706
0.252000 0.034229
0.256000 0.034782
0.260000 0.035457
0.264000 0.036127
0.268000 0.036771
0.272000 0.037409
0.276000 0.037982
0.280000 0.038556
0.284000 0.039160
0.288000 0.039764
0.292000 0.040257
0.296000 0.040745
0.300000 0.041326
0.304000 0.041917
0.308000 0.042373
0.312000 0.042804
0.316000 0.043244
0.320000 0.043685
0.324000 0.044221
0.328000 0.044792
0.332000 0.045392
0.336000 0.046006
0.340000 0.046441
0.344000 0.046765
0.348000 0.047210
0.352000 0.047752
0.356000 0.048363
0.360000 0.049045
0.364000 0.049698
0.368000 0.050313
0.372000 0.050866
0.376000 0.051316
0.380000 0.051813
0.384000 0.052409
0.388000 0.053013
0.392000 0.053638
0.396000 0.054250
0.400000 0.054805
0.404000 0.055363
0.408000 0.055940
0.412000 0.056505
0.416000 0.056963
0.420000 0.057426
0.424000 0.058069
0.428000 0.058711
0.432000 0.059193
0.436000 0.059671
0.440000 0.060348
0.444000 0.061043
0.448000 0.061650
0.452000 0.062241
0.456000 0.062779
0.460000 0.063305
0.464000 0.063974
0.468000 0.064694
0.472000 0.065472
0.476000 0.066277
0.480000 0.067079
0.484000 0.067881
0.488000 0.068666
0.492000 0.069439
0.496000 0.070071
0.500000 0.070566
0.504000 0.071054
0.508000 0.071533
0.512000 0.072020
0.516000 0.072519
0.520000 0.073179
0.524000 0.074157
0.528000 0.075002
0.532000 0.075493
0.536000 0.075972
0.540000 0.076403
0.544000 0.076873
0.548000 0.077547
0.552000 0.078230
0.556000 0.078997
0.560000 0.079746
0.564000 0.080111
0.568000 0.080476
0.572000 0.080863
0.576000 0.081249
0.580000 0.081899
0.584000 0.082570
0.588000 0.083094
0.592000 0.083595
0.596000 0.084222
0.600000 0.084879
0.604000 0.085706
0.608000 0.086590
0.612000 0.087313
0.616000 0.087965
0.620000 0.088436
0.624000 0.088804
0.628000 0.089289
0.632000 0.089861
0.636000 0.090399
0.640000 0.090908
0.644000 0.091437
0.648000 0.091991
0.652000 0.092759
0.656000 0.093845
0.660000 0.094765
0.664000 0.095371
0.668000 0.096011
0.672000 0.096736
0.676000 0.097403
0.680000 0.097872
0.684000 0.098363
0.688000 0.098964
0.692000 0.099562
0.696000 0.100140
0.700000 0.100735
0.704000 0.101628
0.708000 0.102520
0.712000 0.103125
0.716000 0.103728
0.720000 0.104109
0.724000 0.104474
0.728000 0.105119
0.732000 0.105802
0.736000 0.106399
0.740000 0.106978
0.744000 0.107390
0.748000 0.107749
0.752000 0.108171
0.756000 0.108619
0.760000 0.109187
0.764000 0.109819
0.768000 0.110408
0.772000 0.110966
0.776000 0.111693
0.780000 0.112569
0.784000 0.113247
0.788000 0.113704
0.792000 0.114243
0.796000 0.114897
0.800000 0.115473
0.804000 0.115909
0.808000 0.116430
0.812000 0.117152
0.816000 0.117789
0.820000 0.118159
0.824000 0.118529
0.828000 0.118893
0.832000 0.119252
0.836000 0.119578
0.840000 0.119934
0.844000 0.120718
0.848000 0.121502
0.852000 0.122327
0.856000 0.123151
0.860000 0.123841
0.864000 0.124524
0.868000 0.125015
0.872000 0.125484
0.876000 0.126075
0.880000 0.126692
0.884000 0.126864
0.888000 0.126907
0.892000 0.127379
0.896000 0.128021
0.900000 0.128667
0.904000 0.129315
0.908000 0.129784
0.912000 0.130133
0.916000 0.130491
0.920000 0.130857
0.924000 0.131258
0.928000 0.131694
0.932000 0.132099
0.936000 0.132461
0.940000 0.132872
0.944000 0.133366
0.948000 0.133851
0.952000 0.134313
0.956000 0.134702
0.960000 0.134872
0.964000 0.135085
0.968000 0.135481
0.972000 0.135942
0.976000 0.136813
0.980000 0.137626
0.984000 0.137736
0.988000 0.137856
0.992000 0.138583
0.996000 0.139309
1.000000 0.140070
1.004000 0.140832
1.008000 0.141648
1.012000 0.142470
1.016000 0.143076
1.020000 0.143641
1.024000 0.144287
1.028000 0.144955
1.032000 0.145442
1.036000 0.145863
1.040000 0.146305
1.044000 0.146758
1.048000 0.147347
1.052000 0.148022
1.056000 0.148615
1.060000 0.149141
1.064000 0.149868
1.068000 0.150800
1.072000 0.151598
1.076000 0.152224
1.080000 0.152802
1.084000 0.153300
1.088000 0.153877
1.092000 0.154625
1.096000 0.155320
1.100000 0.155864
1.104000 0.156386
1.108000 0.156819
1.112000 0.157279
1.116000 0.157901
1.120000 0.158502
1.124000 0.158879
1.128000 0.159261
1.132000 0.159828
1.136000 0.160395
1.140000 0.160758
1.144000 0.161113
1.148000 0.161844
1.152000 0.162611
1.156000 0.163278
1.160000 0.163929
1.164000 0.164613
1.168000 0.165306
1.172000 0.165832
1.176000 0.166298
1.180000 0.166554
1.184000 0.166710
1.188000 0.167142
1.192000 0.167742
1.196000 0.168236
1.200000 0.168648
1.204000 0.169188
1.208000 0.169855
1.212000 0.170475
1.216000 0.171037
1.220000 0.171478
1.224000 0.171727
1.228000 0.171963
1.232000 0.172175
1.236000 0.172507
1.240000 0.173160
1.244000 0.173871
1.248000 0.174793
1.252000 0.175678
1.256000 0.176357
1.260000 0.177038
1.264000 0.177744
1.268000 0.178429
1.272000 0.178607
1.276000 0.178785
1.280000 0.179728
1.284000 0.180686
1.288000 0.181132
1.292000 0.181536
1.296000 0.182171
1.300000 0.182843
1.304000 0.183338
1.308000 0.183791
1.312000 0.184268
1.316000 0.184752
1.320000 0.185157
1.324000 0.185528
1.328000 0.185930
1.332000 0.186351
1.336000 0.186820
1.340000 0.187325
1.344000 0.188098
1.348000 0.189121
1.352000 0.189937
1.356000 0.190505
1.360000 0.191093
1.364000 0.191712
1.368000 0.192320
1.372000 0.192908
1.376000 0.193537
1.380000 0.194270
1.384000 0.194950
1.388000 0.195445
1.392000 0.195931
1.396000 0.196375
1.400000 0.196798
1.404000 0.197047
1.408000 0.197329
1.412000 0.198224
1.416000 0.199119
1.420000 0.199322
1.424000 0.199520
1.428000 0.200417
1.432000 0.201364
1.436000 0.202268
1.440000 0.203165
1.444000 0.204139
1.448000 0.205130
1.452000 0.205950
1.456000 0.206716
1.460000 0.207711
1.464000 0.208804
1.468000 0.209568
1.472000 0.210150
1.476000 0.210341
1.480000 0.210255
1.484000 0.210334
1.488000 0.210561
1.492000 0.210810
1.496000 0.211086
1.500000 0.211449
1.504000 0.211938
1.508000 0.212607
1.512000 0.213608
1.516000 0.214535
1.520000 0.215283
1.524000 0.215963
1.528000 0.216418
1.532000 0.216914
1.536000 0.217596
1.540000 0.218274
1.544000 0.218928
1.548000 0.219562
1.552000 0.219881
1.556000 0.220200
1.560000 0.220489
1.564000 0.220778
1.568000 0.221097
1.572000 0.221418
1.576000 0.222387
1.580000 0.223438
1.584000 0.224425
1.588000 0.225399
1.592000 0.225744
1.596000 0.225902
1.600000 0.226496
1.604000 0.227266
1.608000 0.228173
1.612000 0.229151
1.616000 0.229884
1.620000 0.230450
1.624000 0.230761
1.628000 0.230854
1.632000 0.231125
1.636000 0.231589
1.640000 0.232051
1.644000 0.232510
1.648000 0.233172
1.652000 0.234191
1.656000 0.234961
1.660000 0.235163
1.664000 0.235383
1.668000 0.235660
1.672000 0.236021
1.676000 0.236747
1.680000 0.237508
1.684000 0.238499
1.688000 0.239477
1.692000 0.240289
1.696000 0.241100
1.700000 0.241905
1.704000 0.242709
1.708000 0.242722
1.712000 0.242699
1.716000 0.243087
1.720000 0.243521
1.724000 0.244132
1.728000 0.244777
1.732000 0.245436
1.736000 0.246100
1.740000 0.246696
1.744000 0.247267
1.748000 0.247784
1.752000 0.248274
1.756000 0.248923
1.760000 0.249676
1.764000 0.250487
1.768000 0.251344
1.772000 0.251998
1.776000 0.252441
1.780000 0.252917
1.784000 0.253437
1.788000 0.254039
1.792000 0.254779
1.796000 0.255530
1.800000 0.256306
1.804000 0.257214
1.808000 0.258506
1.812000 0.259646
1.816000 0.260182
1.820000 0.260790
1.824000 0.261828
1.828000 0.262798
1.832000 0.263024
1.836000 0.263247
1.840000 0.263371
1.844000 0.263496
1.848000 0.264194
1.852000 0.264912
1.856000 0.265484
1.860000 0.266041
1.864000 0.266555
1.868000 0.267062
1.872000 0.267659
1.876000 0.268280
1.880000 0.269127
1.884000 0.270057
1.888000 0.270504
1.892000 0.270720
1.896000 0.270856
1.900000 0.270942
1.904000 0.271230
1.908000 0.271678
1.912000 0.272463
1.916000 0.273584
1.920000 0.274481
1.924000 0.275096
1.928000 0.275678
1.932000 0.276208
1.936000 0.276922
1.940000 0.278014
1.944000 0.278872
1.948000 0.279090
1.952000 0.279391
1.956000 0.280005
1.960000 0.280643
1.964000 0.281411
1.968000 0.282147
1.972000 0.282563
1.976000 0.282979
1.980000 0.283391
1.984000 0.283804
1.988000 0.284242
1.992000 0.284681
1.996000 0.284838
2.000000 0.284970
2.004000 0.285534
2.008000 0.286167
2.012000 0.286680
2.016000 0.287164
2.020000 0.287599
2.024000 0.288019
2.028000 0.288688
2.032000 0.289471
2.036000 0.289901
2.040000 0.290123
2.044000 0.290625
2.048000 0.291339
2.052000 0.291879
2.056000 0.292252
2.060000 0.292656
2.064000 0.293095
2.068000 0.293361
2.072000 0.293362
2.076000 0.293641
2.080000 0.294464
2.084000 0.295231
2.088000 0.295852
2.092000 0.296468
2.096000 0.297069
2.100000 0.297672
2.104000 0.298291
2.108000 0.298844
2.112000 0.298847
2.116000 0.298893
2.120000 0.299816
2.124000 0.300738
2.128000 0.301204
2.132000 0.301664
2.136000 0.302048
2.140000 0.302427
2.144000 0.302881
2.148000 0.303345
2.152000 0.303809
2.156000 0.304273
2.160000 0.304743
2.164000 0.305214
2.168000 0.305541
2.172000 0.305804
2.176000 0.306208
2.180000 0.306691
2.184000 0.307330
2.188000 0.308082
2.192000 0.308926
2.196000 0.309856
2.200000 0.310660
2.204000 0.311321
2.208000 0.311933
2.212000 0.312474
2.216000 0.313077
2.220000 0.313796
2.224000 0.314443
2.228000 0.314913
2.232000 0.315437
2.236000 0.316140
2.240000 0.316809
2.244000 0.317320
2.248000 0.317806
2.252000 0.318108
2.256000 0.318427
2.260000 0.319029
2.264000 0.319630
2.268000 0.320635
2.272000 0.321640
2.276000 0.321881
2.280000 0.322075
2.284000 0.322356
2.288000 0.322649
2.292000 0.323387
2.296000 0.324219
2.300000 0.324853
2.304000 0.325428
2.308000 0.326274
2.312000 0.327232
2.316000 0.328227
2.320000 0.329241
2.324000 0.330075
2.328000 0.330786
2.332000 0.331720
2.336000 0.332850
2.340000 0.333670
2.344000 0.334147
2.348000 0.334637
2.352000 0.335145
2.356000 0.335871
2.360000 0.336988
2.364000 0.337985
2.368000 0.338704
2.372000 0.339255
2.376000 0.339284
2.380000 0.339540
2.384000 0.340796
2.388000 0.341984
2.392000 0.342703
2.396000 0.343415
2.400000 0.344035
2.404000 0.344647
2.408000 0.344461
2.412000 0.344274
2.416000 0.344440
2.420000 0.344624
2.424000 0.345249
2.428000 0.345927
2.432000 0.346311
2.436000 0.346637
2.440000 0.347416
2.444000 0.348325
2.448000 0.348777
2.452000 0.349051
2.456000 0.349761
2.460000 0.350694
2.464000 0.350998
2.468000 0.350889
2.472000 0.351190
2.476000 0.351834
2.480000 0.352229
2.484000 0.352360
2.488000 0.352522
2.492000 0.352727
2.496000 0.352910
2.500000 0.353055
2.504000 0.353375
2.508000 0.354078
2.512000 0.354671
2.516000 0.354944
2.520000 0.355216
2.524000 0.355492
2.528000 0.355831
2.532000 0.356575
2.536000 0.357300
2.540000 0.357796
2.544000 0.358281
2.548000 0.358197
2.552000 0.358113
2.556000 0.358760
2.560000 0.359436
2.564000 0.359686
2.568000 0.359892
2.572000 0.360115
2.576000 0.360340
2.580000 0.360669
2.584000 0.361026
2.588000 0.361374
2.592000 0.361719
2.596000 0.362124
2.600000 0.362557
2.604000 0.362745
2.608000 0.362779
2.612000 0.363376
2.616000 0.364423
2.620000 0.365156
2.624000 0.365572
2.628000 0.366109
2.632000 0.366802
2.636000 0.367286
2.640000 0.367431
2.644000 0.367707
2.648000 0.368255
2.652000 0.368691
2.656000 0.368817
2.660000 0.369196
2.664000 0.370544
2.668000 0.371826
2.672000 0.372726
2.676000 0.373535
2.680000 0.373435
2.684000 0.373359
2.688000 0.373992
2.692000 0.374626
2.696000 0.374810
2.700000 0.374983
2.704000 0.375117
2.708000 0.375247
2.712000 0.375918
2.716000 0.376679
2.720000 0.377333
2.724000 0.377960
2.728000 0.378771
2.732000 0.379645
2.736000 0.380785
2.740000 0.382047
2.744000 0.382853
2.748000 0.383387
2.752000 0.383983
2.756000 0.384628
2.760000 0.385384
2.764000 0.386247
2.768000 0.387208
2.772000 0.388289
2.776000 0.389069
2.780000 0.389381
2.784000 0.389793
2.788000 0.390405
2.792000 0.391049
2.796000 0.391772
2.800000 0.392476
2.804000 0.393111
2.808000 0.393670
2.812000 0.393831
2.816000 0.394026
2.820000 0.394523
2.824000 0.395014
2.828000 0.395407
2.832000 0.395799
2.836000 0.396241
2.840000 0.396684
2.844000 0.397391
2.848000 0.398119
2.852000 0.399046
2.856000 0.400003
2.860000 0.400841
2.864000 0.401650
2.868000 0.402774
2.872000 0.404001
2.876000 0.404406
2.880000 0.404448
2.884000 0.404906
2.888000 0.405601
2.892000 0.406422
2.896000 0.407333
2.900000 0.408436
2.904000 0.409716
2.908000 0.410620
2.912000 0.411086
2.916000 0.411429
2.920000 0.411588
2.924000 0.411959
2.928000 0.412734
2.932000 0.413346
2.936000 0.413554
2.940000 0.413720
2.944000 0.413744
2.948000 0.413970
2.952000 0.415174
2.956000 0.416294
2.960000 0.416750
2.964000 0.417224
2.968000 0.418014
2.972000 0.418804
2.976000 0.419744
2.980000 0.420685
2.984000 0.422046
2.988000 0.423435
2.992000 0.424155
2.996000 0.424783
3.000000 0.425190
3.004000 0.425549
3.008000 0.426048
3.012000 0.426590
3.016000 0.427229
3.020000 0.427908
3.024000 0.428451
3.028000 0.428918
3.032000 0.429782
3.036000 0.430923
3.040000 0.431901
3.044000 0.432734
3.048000 0.433704
3.052000 0.434827
3.056000 0.435539
3.060000 0.435670
3.064000 0.435972
3.068000 0.436586
3.072000 0.437410
3.076000 0.438731
3.080000 0.439986
3.084000 0.441026
3.088000 0.441951
3.092000 0.442356
3.096000 0.442823
3.100000 0.443725
3.104000 0.444589
3.108000 0.444888
3.112000 0.445189
3.116000 0.445688
3.120000 0.446187
3.124000 0.446729
3.128000 0.447274
3.132000 0.448459
3.136000 0.449724
3.140000 0.450401
3.144000 0.450960
3.148000 0.451502
3.152000 0.452039
3.156000 0.452605
3.160000 0.453183
3.164000 0.453413
3.168000 0.453463
3.172000 0.454012
3.176000 0.454896
3.180000 0.455906
3.184000 0.457023
3.188000 0.457913
3.192000 0.458561
3.196000 0.459128
3.200000 0.459585
3.204000 0.460380
3.208000 0.461760
3.212000 0.462742
3.216000 0.462831
3.220000 0.462990
3.224000 0.463360
3.228000 0.463777
3.232000 0.464393
3.236000 0.465083
3.240000 0.466256
3.244000 0.467373
3.248000 0.467794
3.252000 0.468223
3.256000 0.469028
3.260000 0.469833
3.264000 0.470792
3.268000 0.471758
3.272000 0.472170
3.276000 0.472521
3.280000 0.473549
3.284000 0.474703
3.288000 0.475178
3.292000 0.475468
3.296000 0.475882
3.300000 0.476343
3.304000 0.476609
3.308000 0.476778
3.312000 0.477518
3.316000 0.478624
3.320000 0.479664
3.324000 0.480651
3.328000 0.481493
3.332000 0.482186
3.336000 0.482869
3.340000 0.483538
3.344000 0.484067
3.348000 0.484364
3.352000 0.484876
3.356000 0.485847
3.360000 0.486787
3.364000 0.487639
3.368000 0.488468
3.372000 0.489204
3.376000 0.489852
3.380000 0.489979
3.384000 0.490189
3.388000 0.491275
3.392000 0.492348
3.396000 0.492954
3.400000 0.493560
3.404000 0.494587
3.408000 0.495627
3.412000 0.496431
3.416000 0.497213
3.420000 0.497690
3.424000 0.498115
3.428000 0.498953
3.432000 0.499897
3.436000 0.500729
3.440000 0.501521
3.444000 0.501835
3.448000 0.501921
3.452000 0.502652
3.456000 0.503775
3.460000 0.504664
3.464000 0.505371
3.468000 0.505885
3.472000 0.506208
3.476000 0.506613
3.480000 0.507120
3.484000 0.507696
3.488000 0.508382
3.492000 0.509041
3.496000 0.509645
3.500000 0.510204
3.504000 0.510644
3.508000 0.511155
3.512000 0.511931
3.516000 0.512641
3.520000 0.512993
3.524000 0.513398
3.528000 0.514284
3.532000 0.515154
3.536000 0.515611
3.540000 0.516067
3.544000 0.517136
3.548000 0.518217
3.552000 0.518968
3.556000 0.519692
3.560000 0.520705
3.564000 0.521763
3.568000 0.522393
3.572000 0.522921
3.576000 0.523504
3.580000 0.524106
3.584000 0.524460
3.588000 0.524702
3.592000 0.525813
3.596000 0.527431
3.600000 0.528503
3.604000 0.529168
3.608000 0.530017
3.612000 0.531039
3.616000 0.531976
3.620000 0.532812
3.624000 0.533510
3.628000 0.533996
3.632000 0.534479
3.636000 0.534952
3.640000 0.535399
3.644000 0.535779
3.648000 0.536292
3.652000 0.537268
3.656000 0.538167
3.660000 0.538678
3.664000 0.539178
3.668000 0.539588
3.672000 0.539980
3.676000 0.540042
3.680000 0.540104
3.684000 0.540535
3.688000 0.540970
3.692000 0.541156
3.696000 0.541324
3.700000 0.541871
3.704000 0.542471
3.708000 0.543352
3.712000 0.544296
3.716000 0.544626
3.720000 0.544762
3.724000 0.545373
3.728000 0.546188
3.732000 0.546527
3.736000 0.546602
3.740000 0.546991
3.744000 0.547604
3.748000 0.548237
3.752000 0.548887
3.756000 0.549608
3.760000 0.550412
3.764000 0.550962
3.768000 0.551146
3.772000 0.551529
3.776000 0.552276
3.780000 0.552978
3.784000 0.553572
3.788000 0.554041
3.792000 0.554105
3.796000 0.554189
3.800000 0.554363
3.804000 0.554616
3.808000 0.555455
3.812000 0.556307
3.816000 0.557354
3.820000 0.558400
3.824000 0.558911
3.828000 0.559422
3.832000 0.559874
3.836000 0.560322
3.840000 0.561010
3.844000 0.561728
3.848000 0.562443
3.852000 0.563158
3.856000 0.563279
3.860000 0.563222
3.864000 0.563612
3.868000 0.564181
3.872000 0.564587
3.876000 0.564907
3.880000 0.565352
3.884000 0.565885
3.888000 0.566613
3.892000 0.567510
3.896000 0.568255
3.900000 0.568837
3.904000 0.569353
3.908000 0.569778
3.912000 0.570347
3.916000 0.571170
3.920000 0.571868
3.924000 0.572281
3.928000 0.572904
3.932000 0.574168
3.936000 0.575319
3.940000 0.575976
3.944000 0.576564
3.948000 0.576690
3.952000 0.576768
3.956000 0.576231
3.960000 0.575705
3.964000 0.576045
3.968000 0.576386
3.972000 0.576953
3.976000 0.577531
3.980000 0.578027
3.984000 0.578514
3.988000 0.578613
3.992000 0.578638
3.996000 0.578919
4.000000 0.579272
4.004000 0.579870
4.008000 0.580562
4.012000 0.581182
4.016000 0.581766
4.020000 0.581689
4.024000 0.581182
4.028000 0.581532
4.032000 0.582588
4.036000 0.583522
4.040000 0.584331
4.044000 0.585107
4.048000 0.585841
4.052000 0.586314
4.056000 0.586351
4.060000 0.586698
4.064000 0.587721
4.068000 0.588612
4.072000 0.589120
4.076000 0.589666
4.080000 0.590360
4.084000 0.591055
4.088000 0.591749
4.092000 0.592414
4.096000 0.592739
4.100000 0.593085
4.104000 0.594210
4.108000 0.595336
4.112000 0.595891
4.116000 0.596426
4.120000 0.596843
4.124000 0.597248
4.128000 0.597640
4.132000 0.598031
4.136000 0.598851
4.140000 0.599784
4.144000 0.600607
4.148000 0.601389
4.152000 0.601735
4.156000 0.601871
4.160000 0.602477
4.164000 0.603375
4.168000 0.603862
4.172000 0.604025
4.176000 0.604391
4.180000 0.604958
4.184000 0.605289
4.188000 0.605324
4.192000 0.605387
4.196000 0.605493
4.200000 0.605743
4.204000 0.606288
4.208000 0.606821
4.212000 0.607322
4.216000 0.607827
4.220000 0.608352
4.224000 0.609036
4.228000 0.610613
4.232000 0.612026
4.236000 0.611842
4.240000 0.611710
4.244000 0.612990
4.248000 0.614270
4.252000 0.614869
4.256000 0.615451
4.260000 0.615877
4.264000 0.616289
4.268000 0.616863
4.272000 0.617463
4.276000 0.617968
4.280000 0.618450
4.284000 0.618730
4.288000 0.618941
4.292000 0.619417
4.296000 0.620015
4.300000 0.620368
4.304000 0.620576
4.308000 0.621582
4.312000 0.623192
4.316000 0.624069
4.320000 0.624249
4.324000 0.624556
4.328000 0.625018
4.332000 0.625351
4.336000 0.625484
4.340000 0.625662
4.344000 0.625926
4.348000 0.626284
4.352000 0.626887
4.356000 0.627557
4.360000 0.628464
4.364000 0.629325
4.368000 0.629948
4.372000 0.630600
4.376000 0.631488
4.380000 0.632380
4.384000 0.633339
4.388000 0.634297
4.392000 0.634913
4.396000 0.635524
4.400000 0.636282
4.404000 0.637051
4.408000 0.637806
4.412000 0.638559
4.416000 0.638625
4.420000 0.638533
4.424000 0.639209
4.428000 0.640135
4.432000 0.641067
4.436000 0.642002
4.440000 0.642644
4.444000 0.643120
4.448000 0.643335
4.452000 0.643361
4.456000 0.643205
4.460000 0.642883
4.464000 0.642982
4.468000 0.643564
4.472000 0.644326
4.476000 0.645350
4.480000 0.646340
4.484000 0.647264
4.488000 0.648037
4.492000 0.648435
4.496000 0.648876
4.500000 0.649458
4.504000 0.650045
4.508000 0.650657
4.512000 0.651320
4.516000 0.652364
4.520000 0.653358
4.524000 0.653511
4.528000 0.653663
4.532000 0.654751
4.536000 0.655840
4.540000 0.657060
4.544000 0.658287
4.548000 0.658850
4.552000 0.659324
4.556000 0.659932
4.560000 0.660568
4.564000 0.661291
4.568000 0.662041
4.572000 0.662257
4.576000 0.662253
4.580000 0.662382
4.584000 0.662581
4.588000 0.663208
4.592000 0.664129
4.596000 0.664428
4.600000 0.664185
4.604000 0.664093
4.608000 0.664170
4.612000 0.664561
4.616000 0.665390
4.620000 0.666054
4.624000 0.666425
4.628000 0.666758
4.632000 0.667002
4.636000 0.667071
4.640000 0.666598
4.644000 0.666285
4.648000 0.666683
4.652000 0.666995
4.656000 0.666705
4.660000 0.666487
4.664000 0.667241
4.668000 0.668001
4.672000 0.669430
4.676000 0.670859
4.680000 0.671277
4.684000 0.671643
4.688000 0.672229
4.692000 0.672841
4.696000 0.674300
4.700000 0.675925
4.704000 0.677075
4.708000 0.678089
4.712000 0.678937
4.716000 0.679721
4.720000 0.680728
4.724000 0.681849
4.728000 0.682475
4.732000 0.682774
4.736000 0.683087
4.740000 0.683411
4.744000 0.683508
4.748000 0.683362
4.752000 0.683521
4.756000 0.684087
4.760000 0.684539
4.764000 0.684795
4.768000 0.685205
4.772000 0.685954
4.776000 0.686598
4.780000 0.686938
4.784000 0.687220
4.788000 0.687264
4.792000 0.687380
4.796000 0.687951
4.800000 0.688488
4.804000 0.688625
4.808000 0.688774
4.812000 0.689531
4.816000 0.690288
4.820000 0.691731
4.824000 0.693201
4.828000 0.693863
4.832000 0.694440
4.836000 0.695448
4.840000 0.696535
4.844000 0.697148
4.848000 0.697633
4.852000 0.698248
4.856000 0.698910
4.860000 0.699451
4.864000 0.699932
4.868000 0.700636
4.872000 0.701482
4.876000 0.702095
4.880000 0.702521
4.884000 0.702995
4.888000 0.703518
4.892000 0.704073
4.896000 0.704667
4.900000 0.705202
4.904000 0.705640
4.908000 0.706316
4.912000 0.707496
4.916000 0.708467
4.920000 0.708856
4.924000 0.709281
4.928000 0.709843
4.932000 0.710464
4.936000 0.711425
4.940000 0.712347
4.944000 0.712866
4.948000 0.713374
4.952000 0.713502
4.956000 0.713631
4.960000 0.713750
4.964000 0.713868
4.968000 0.714212
4.972000 0.714577
4.976000 0.715321
4.980000 0.716128
4.984000 0.716834
4.988000 0.717514
4.992000 0.717777
4.996000 0.717893
