0.012000 0.001499
0.016000 0.001915
0.020000 0.002303
0.024000 0.002696
0.028000 0.003041
0.032000 0.003378
0.036000 0.003735
0.040000 0.004113
0.044000 0.004536
0.048000 0.004973
0.052000 0.005391
0.056000 0.005748
0.060000 0.006049
0.064000 0.006378
0.068000 0.006788
0.072000 0.007191
0.076000 0.007593
0.080000 0.007981
0.084000 0.008371
0.088000 0.008736
0.092000 0.008987
0.096000 0.009286
0.100000 0.009605
0.104000 0.009933
0.108000 0.010282
0.112000 0.010631
0.116000 0.010920
0.120000 0.011151
0.124000 0.011438
0.128000 0.011740
0.132000 0.012061
0.136000 0.012465
0.140000 0.012821
0.144000 0.013027
0.148000 0.013293
0.152000 0.013656
0.156000 0.014004
0.160000 0.014330
0.164000 0.014698
0.168000 0.015087
0.172000 0.015445
0.176000 0.015761
0.180000 0.016045
0.184000 0.016376
0.188000 0.016636
0.192000 0.016897
0.196000 0.017240
0.200000 0.017595
0.204000 0.017913
0.208000 0.018171
0.212000 0.018340
0.216000 0.018610
0.220000 0.018845
0.224000 0.019144
0.228000 0.019489
0.232000 0.019703
0.236000 0.019909
0.240000 0.020200
0.244000 0.020525
0.248000 0.020721
0.252000 0.020898
0.256000 0.021129
0.260000 0.021387
0.264000 0.021702
0.268000 0.022035
0.272000 0.022424
0.276000 0.022880
0.280000 0.023194
0.284000 0.023415
0.288000 0.023717
0.292000 0.023998
0.296000 0.024181
0.300000 0.024451
0.304000 0.024741
0.308000 0.024969
0.312000 0.025278
0.316000 0.025613
0.320000 0.025834
0.324000 0.025965
0.328000 0.026168
0.332000 0.026378
0.336000 0.026584
0.340000 0.026786
0.344000 0.027008
0.348000 0.027273
0.352000 0.027597
0.356000 0.027854
0.360000 0.028192
0.364000 0.028438
0.368000 0.028692
0.372000 0.028913
0.376000 0.029124
0.380000 0.029506
0.384000 0.030012
0.388000 0.030385
0.392000 0.030693
0.396000 0.031046
0.400000 0.031390
0.404000 0.031681
0.408000 0.032009
0.412000 0.032326
0.416000 0.032640
0.420000 0.032950
0.424000 0.033088
0.428000 0.033144
0.432000 0.033453
0.436000 0.033929
0.440000 0.034353
0.444000 0.034767
0.448000 0.035014
0.452000 0.035290
0.456000 0.035483
0.460000 0.035671
0.464000 0.035985
0.468000 0.036331
0.472000 0.036742
0.476000 0.037037
0.480000 0.037218
0.484000 0.037338
0.488000 0.037509
0.492000 0.037621
0.496000 0.037723
0.500000 0.037876
0.504000 0.037965
0.508000 0.038052
0.512000 0.038282
0.516000 0.038465
0.520000 0.038695
0.524000 0.039104
0.528000 0.039345
0.532000 0.039604
0.536000 0.039897
0.540000 0.040175
0.544000 0.040481
0.548000 0.040857
0.552000 0.041285
0.556000 0.041626
0.560000 0.041829
0.564000 0.042076
0.568000 0.042334
0.572000 0.042555
0.576000 0.042732
0.580000 0.042845
0.584000 0.043053
0.588000 0.043333
0.592000 0.043394
0.596000 0.043562
0.600000 0.043801
0.604000 0.043982
0.608000 0.044133
0.612000 0.044320
0.616000 0.044514
0.620000 0.044714
0.624000 0.044889
0.628000 0.045112
0.632000 0.045458
0.636000 0.045573
0.640000 0.045608
0.644000 0.045818
0.648000 0.046008
0.652000 0.046225
0.656000 0.046448
0.660000 0.046667
0.664000 0.046808
0.668000 0.046845
0.672000 0.046871
0.676000 0.046957
0.680000 0.047135
0.684000 0.047400
0.688000 0.047576
0.692000 0.047716
0.696000 0.047863
0.700000 0.047925
0.704000 0.048136
0.708000 0.048259
0.712000 0.048249
0.716000 0.048305
0.720000 0.048487
0.724000 0.048756
0.728000 0.049087
0.732000 0.049390
0.736000 0.049881
0.740000 0.050250
0.744000 0.050353
0.748000 0.050477
0.752000 0.050659
0.756000 0.050827
0.760000 0.051010
0.764000 0.051145
0.768000 0.051364
0.772000 0.051646
0.776000 0.051821
0.780000 0.051955
0.784000 0.052222
0.788000 0.052352
0.792000 0.052522
0.796000 0.052798
0.800000 0.052981
0.804000 0.053221
0.808000 0.053649
0.812000 0.054049
0.816000 0.054383
0.820000 0.054633
0.824000 0.054800
0.828000 0.055018
0.832000 0.055438
0.836000 0.055813
0.840000 0.056182
0.844000 0.056460
0.848000 0.056593
0.852000 0.056685
0.856000 0.056899
0.860000 0.057171
0.864000 0.057477
0.868000 0.057851
0.872000 0.058281
0.876000 0.058578
0.880000 0.058604
0.884000 0.058571
0.888000 0.058542
0.892000 0.058719
0.896000 0.058971
0.900000 0.059103
0.904000 0.059292
0.908000 0.059496
0.912000 0.059758
0.916000 0.060116
0.920000 0.060303
0.924000 0.060483
0.928000 0.060774
0.932000 0.061032
0.936000 0.061424
0.940000 0.061839
0.944000 0.061918
0.948000 0.061878
0.952000 0.061772
0.956000 0.061765
0.960000 0.061923
0.964000 0.062149
0.968000 0.062186
0.972000 0.062176
0.976000 0.062132
0.980000 0.062196
0.984000 0.062348
0.988000 0.062456
0.992000 0.062653
0.996000 0.062964
1.000000 0.063192
1.004000 0.063368
1.008000 0.063633
1.012000 0.063868
1.016000 0.064120
1.020000 0.064192
1.024000 0.064429
1.028000 0.064616
1.032000 0.064899
1.036000 0.065146
1.040000 0.065318
1.044000 0.065351
1.048000 0.065409
1.052000 0.065490
1.056000 0.065557
1.060000 0.065684
1.064000 0.065655
1.068000 0.065575
1.072000 0.065408
1.076000 0.065306
1.080000 0.065182
1.084000 0.065132
1.088000 0.065295
1.092000 0.065523
1.096000 0.065748
1.100000 0.065968
1.104000 0.066338
1.108000 0.066829
1.112000 0.067106
1.116000 0.067203
1.120000 0.067321
1.124000 0.067438
1.128000 0.067629
1.132000 0.067824
1.136000 0.067947
1.140000 0.068068
1.144000 0.068119
1.148000 0.068027
1.152000 0.067863
1.156000 0.067719
1.160000 0.067662
1.164000 0.067822
1.168000 0.068054
1.172000 0.068161
1.176000 0.068258
1.180000 0.068365
1.184000 0.068497
1.188000 0.068668
1.192000 0.068877
1.196000 0.068996
1.200000 0.069145
1.204000 0.069465
1.208000 0.069523
1.212000 0.069651
1.216000 0.069859
1.220000 0.070074
1.224000 0.070291
1.228000 0.070409
1.232000 0.070633
1.236000 0.071099
1.240000 0.071512
1.244000 0.071764
1.248000 0.072092
1.252000 0.072297
1.256000 0.072257
1.260000 0.072402
1.264000 0.072733
1.268000 0.073058
1.272000 0.073354
1.276000 0.073744
1.280000 0.074026
1.284000 0.074324
1.288000 0.074652
1.292000 0.074982
1.296000 0.075228
1.300000 0.075424
1.304000 0.075489
1.308000 0.075573
1.312000 0.075945
1.316000 0.076177
1.320000 0.076258
1.324000 0.076351
1.328000 0.076539
1.332000 0.076739
1.336000 0.077024
1.340000 0.077388
1.344000 0.077715
1.348000 0.077990
1.352000 0.078208
1.356000 0.078254
1.360000 0.078328
1.364000 0.078463
1.368000 0.078553
1.372000 0.078589
1.376000 0.078652
1.380000 0.078930
1.384000 0.079248
1.388000 0.079395
1.392000 0.079317
1.396000 0.079320
1.400000 0.079349
1.404000 0.079525
1.408000 0.079857
1.412000 0.080220
1.416000 0.080419
1.420000 0.080591
1.424000 0.080665
1.428000 0.080682
1.432000 0.080827
1.436000 0.081173
1.440000 0.081574
1.444000 0.081804
1.448000 0.081903
1.452000 0.082038
1.456000 0.082232
1.460000 0.082526
1.464000 0.082569
1.468000 0.082637
1.472000 0.082736
1.476000 0.082832
1.480000 0.082836
1.484000 0.082785
1.488000 0.082827
1.492000 0.082819
1.496000 0.082810
1.500000 0.082792
1.504000 0.082781
1.508000 0.082651
1.512000 0.082422
1.516000 0.082302
1.520000 0.082261
1.524000 0.082313
1.528000 0.082369
1.532000 0.082400
1.536000 0.082660
1.540000 0.083062
1.544000 0.083244
1.548000 0.083072
1.552000 0.082787
1.556000 0.082761
1.560000 0.082807
1.564000 0.082968
1.568000 0.083143
1.572000 0.083346
1.576000 0.083606
1.580000 0.083748
1.584000 0.083810
1.588000 0.084051
1.592000 0.084140
1.596000 0.084070
1.600000 0.084034
1.604000 0.084127
1.608000 0.084240
1.612000 0.084350
1.616000 0.084492
1.620000 0.084616
1.624000 0.084936
1.628000 0.085286
1.632000 0.085410
1.636000 0.085583
1.640000 0.085598
1.644000 0.085645
1.648000 0.085662
1.652000 0.085821
1.656000 0.086116
1.660000 0.086521
1.664000 0.086952
1.668000 0.087427
1.672000 0.087638
1.676000 0.087800
1.680000 0.087840
1.684000 0.087776
1.688000 0.087693
1.692000 0.087860
1.696000 0.088006
1.700000 0.088220
1.704000 0.088257
1.708000 0.088233
1.712000 0.088371
1.716000 0.088606
1.720000 0.088662
1.724000 0.088675
1.728000 0.088629
1.732000 0.088480
1.736000 0.088554
1.740000 0.088707
1.744000 0.088762
1.748000 0.088843
1.752000 0.089013
1.756000 0.089175
1.760000 0.089200
1.764000 0.089194
1.768000 0.089304
1.772000 0.089488
1.776000 0.089642
1.780000 0.089790
1.784000 0.090085
1.788000 0.090253
1.792000 0.090402
1.796000 0.090452
1.800000 0.090584
1.804000 0.090712
1.808000 0.090867
1.812000 0.091272
1.816000 0.091545
1.820000 0.091685
1.824000 0.091758
1.828000 0.091655
1.832000 0.091519
1.836000 0.091377
1.840000 0.091470
1.844000 0.091807
1.848000 0.091979
1.852000 0.092180
1.856000 0.092584
1.860000 0.092943
1.864000 0.093245
1.868000 0.093649
1.872000 0.094070
1.876000 0.094341
1.880000 0.094516
1.884000 0.094688
1.888000 0.094943
1.892000 0.095271
1.896000 0.095465
1.900000 0.095692
1.904000 0.095891
1.908000 0.095954
1.912000 0.095886
1.916000 0.095920
1.920000 0.096041
1.924000 0.096172
1.928000 0.096343
1.932000 0.096431
1.936000 0.096516
1.940000 0.096565
1.944000 0.096594
1.948000 0.096526
1.952000 0.096545
1.956000 0.096688
1.960000 0.096860
1.964000 0.097096
1.968000 0.097401
1.972000 0.097528
1.976000 0.097610
1.980000 0.097803
1.984000 0.097912
1.988000 0.097991
1.992000 0.098120
1.996000 0.098203
2.000000 0.098509
2.004000 0.098752
2.008000 0.098761
2.012000 0.098840
2.016000 0.099023
2.020000 0.099076
2.024000 0.099055
2.028000 0.099269
2.032000 0.099452
2.036000 0.099464
2.040000 0.099372
2.044000 0.099242
2.048000 0.099186
2.052000 0.099186
2.056000 0.099155
2.060000 0.099259
2.064000 0.099407
2.068000 0.099434
2.072000 0.099529
2.076000 0.099813
2.080000 0.100071
2.084000 0.100148
2.088000 0.100086
2.092000 0.100230
2.096000 0.100429
2.100000 0.100582
2.104000 0.100732
2.108000 0.100735
2.112000 0.100754
2.116000 0.100854
2.120000 0.101015
2.124000 0.101160
2.128000 0.101328
2.132000 0.101470
2.136000 0.101460
2.140000 0.101314
2.144000 0.101353
2.148000 0.101427
2.152000 0.101381
2.156000 0.101431
2.160000 0.101737
2.164000 0.102053
2.168000 0.102242
2.172000 0.102345
2.176000 0.102450
2.180000 0.102506
2.184000 0.102471
2.188000 0.102363
2.192000 0.102391
2.196000 0.102414
2.200000 0.102489
2.204000 0.102550
2.208000 0.102592
2.212000 0.102567
2.216000 0.102490
2.220000 0.102480
2.224000 0.102510
2.228000 0.102525
2.232000 0.102620
2.236000 0.102800
2.240000 0.102717
2.244000 0.102646
2.248000 0.102728
2.252000 0.102878
2.256000 0.103027
2.260000 0.103063
2.264000 0.103150
2.268000 0.103293
2.272000 0.103499
2.276000 0.103778
2.280000 0.104053
2.284000 0.104398
2.288000 0.104697
2.292000 0.104895
2.296000 0.105038
2.300000 0.105145
2.304000 0.105219
2.308000 0.105279
2.312000 0.105330
2.316000 0.105302
2.320000 0.105173
2.324000 0.105184
2.328000 0.105033
2.332000 0.104945
2.336000 0.105004
2.340000 0.105077
2.344000 0.105124
2.348000 0.104984
2.352000 0.104864
2.356000 0.104904
2.360000 0.104972
2.364000 0.105066
2.368000 0.105325
2.372000 0.105758
2.376000 0.106033
2.380000 0.106170
2.384000 0.106354
2.388000 0.106564
2.392000 0.106727
2.396000 0.106723
2.400000 0.106721
2.404000 0.106790
2.408000 0.106826
2.412000 0.106874
2.416000 0.106901
2.420000 0.106858
2.424000 0.106717
2.428000 0.106478
2.432000 0.106325
2.436000 0.106364
2.440000 0.106430
2.444000 0.106486
2.448000 0.106549
2.452000 0.106729
2.456000 0.106907
2.460000 0.106801
2.464000 0.106792
2.468000 0.106893
2.472000 0.106948
2.476000 0.106873
2.480000 0.107018
2.484000 0.107275
2.488000 0.107519
2.492000 0.107576
2.496000 0.107502
2.500000 0.107598
2.504000 0.107679
2.508000 0.107850
2.512000 0.108126
2.516000 0.108353
2.520000 0.108394
2.524000 0.108584
2.528000 0.108822
2.532000 0.108766
2.536000 0.108639
2.540000 0.108572
2.544000 0.108577
2.548000 0.108752
2.552000 0.108990
2.556000 0.109132
2.560000 0.109413
2.564000 0.109728
2.568000 0.109792
2.572000 0.109641
2.576000 0.109654
2.580000 0.109662
2.584000 0.109683
2.588000 0.109722
2.592000 0.109678
2.596000 0.109613
2.600000 0.109488
2.604000 0.109398
2.608000 0.109255
2.612000 0.109191
2.616000 0.109148
2.620000 0.109142
2.624000 0.109001
2.628000 0.109009
2.632000 0.109146
2.636000 0.109423
2.640000 0.109550
2.644000 0.109636
2.648000 0.109776
2.652000 0.109820
2.656000 0.109875
2.660000 0.109954
2.664000 0.109993
2.668000 0.110150
2.672000 0.110388
2.676000 0.110546
2.680000 0.110529
2.684000 0.110457
2.688000 0.110357
2.692000 0.110299
2.696000 0.110347
2.700000 0.110511
2.704000 0.110740
2.708000 0.110837
2.712000 0.110839
2.716000 0.110912
2.720000 0.111066
2.724000 0.111250
2.728000 0.111329
2.732000 0.111372
2.736000 0.111345
2.740000 0.111346
2.744000 0.111317
2.748000 0.111299
2.752000 0.111372
2.756000 0.111568
2.760000 0.111706
2.764000 0.111563
2.768000 0.111500
2.772000 0.111618
2.776000 0.111745
2.780000 0.111884
2.784000 0.111849
2.788000 0.111806
2.792000 0.111980
2.796000 0.112088
2.800000 0.112151
2.804000 0.112109
2.808000 0.112119
2.812000 0.112226
2.816000 0.112320
2.820000 0.112242
2.824000 0.112207
2.828000 0.112148
2.832000 0.112211
2.836000 0.112213
2.840000 0.112256
2.844000 0.112272
2.848000 0.112220
2.852000 0.112206
2.856000 0.112180
2.860000 0.112103
2.864000 0.112128
2.868000 0.112302
2.872000 0.112493
2.876000 0.112665
2.880000 0.112606
2.884000 0.112586
2.888000 0.112677
2.892000 0.112764
2.896000 0.112893
2.900000 0.113043
2.904000 0.113021
2.908000 0.112987
2.912000 0.112969
2.916000 0.112867
2.920000 0.112813
2.924000 0.112746
2.928000 0.112729
2.932000 0.112914
2.936000 0.113019
2.940000 0.113122
2.944000 0.113150
2.948000 0.113213
2.952000 0.113324
2.956000 0.113227
2.960000 0.113143
2.964000 0.113260
2.968000 0.113384
2.972000 0.113522
2.976000 0.113683
2.980000 0.113894
2.984000 0.114141
2.988000 0.114547
2.992000 0.114885
2.996000 0.115134
3.000000 0.115261
3.004000 0.115435
3.008000 0.115636
3.012000 0.115885
3.016000 0.116127
3.020000 0.116343
3.024000 0.116285
3.028000 0.116058
3.032000 0.116044
3.036000 0.116163
3.040000 0.116284
3.044000 0.116425
3.048000 0.116318
3.052000 0.116251
3.056000 0.116286
3.060000 0.116320
3.064000 0.116473
3.068000 0.116687
3.072000 0.116778
3.076000 0.116889
3.080000 0.116965
3.084000 0.117094
3.088000 0.117093
3.092000 0.117074
3.096000 0.117011
3.100000 0.116946
3.104000 0.116868
3.108000 0.116963
3.112000 0.117080
3.116000 0.117220
3.120000 0.117335
3.124000 0.117321
3.128000 0.117232
3.132000 0.117218
3.136000 0.117419
3.140000 0.117779
3.144000 0.118039
3.148000 0.118312
3.152000 0.118402
3.156000 0.118457
3.160000 0.118536
3.164000 0.118763
3.168000 0.118947
3.172000 0.119092
3.176000 0.119153
3.180000 0.119271
3.184000 0.119286
3.188000 0.119251
3.192000 0.119283
3.196000 0.119395
3.200000 0.119556
3.204000 0.119679
3.208000 0.119694
3.212000 0.119660
3.216000 0.119752
3.220000 0.120032
3.224000 0.120200
3.228000 0.120436
3.232000 0.120600
3.236000 0.120731
3.240000 0.120610
3.244000 0.120522
3.248000 0.120601
3.252000 0.120715
3.256000 0.120691
3.260000 0.120720
3.264000 0.120691
3.268000 0.120787
3.272000 0.120952
3.276000 0.121098
3.280000 0.121112
3.284000 0.121170
3.288000 0.121306
3.292000 0.121347
3.296000 0.121469
3.300000 0.121549
3.304000 0.121683
3.308000 0.121987
3.312000 0.122098
3.316000 0.122200
3.320000 0.122310
3.324000 0.122514
3.328000 0.122748
3.332000 0.123014
3.336000 0.123187
3.340000 0.123316
3.344000 0.123328
3.348000 0.123372
3.352000 0.123464
3.356000 0.123431
3.360000 0.123346
3.364000 0.123521
3.368000 0.123614
3.372000 0.123670
3.376000 0.123770
3.380000 0.123980
3.384000 0.124117
3.388000 0.124189
3.392000 0.124472
3.396000 0.124951
3.400000 0.125211
3.404000 0.125306
3.408000 0.125376
3.412000 0.125347
3.416000 0.125282
3.420000 0.125237
3.424000 0.125126
3.428000 0.124991
3.432000 0.124980
3.436000 0.124990
3.440000 0.124984
3.444000 0.124965
3.448000 0.124976
3.452000 0.125056
3.456000 0.125256
3.460000 0.125479
3.464000 0.125690
3.468000 0.125721
3.472000 0.125819
3.476000 0.125920
3.480000 0.125818
3.484000 0.125751
3.488000 0.125719
3.492000 0.125780
3.496000 0.125777
3.500000 0.125826
3.504000 0.125892
3.508000 0.126019
3.512000 0.126183
3.516000 0.126101
3.520000 0.125985
3.524000 0.126027
3.528000 0.126092
3.532000 0.126146
3.536000 0.126150
3.540000 0.126146
3.544000 0.126103
3.548000 0.126082
3.552000 0.126187
3.556000 0.126334
3.560000 0.126409
3.564000 0.126416
3.568000 0.126494
3.572000 0.126519
3.576000 0.126593
3.580000 0.126636
3.584000 0.126495
3.588000 0.126308
3.592000 0.126224
3.596000 0.126211
3.600000 0.126010
3.604000 0.125880
3.608000 0.125729
3.612000 0.125565
3.616000 0.125523
3.620000 0.125531
3.624000 0.125633
3.628000 0.125839
3.632000 0.125934
3.636000 0.125872
3.640000 0.125874
3.644000 0.125879
3.648000 0.125881
3.652000 0.125868
3.656000 0.125868
3.660000 0.125904
3.664000 0.126041
3.668000 0.126104
3.672000 0.126063
3.676000 0.126114
3.680000 0.126135
3.684000 0.126170
3.688000 0.126137
3.692000 0.126009
3.696000 0.125977
3.700000 0.125949
3.704000 0.126097
3.708000 0.126304
3.712000 0.126392
3.716000 0.126416
3.720000 0.126453
3.724000 0.126433
3.728000 0.126573
3.732000 0.126732
3.736000 0.126860
3.740000 0.126906
3.744000 0.126903
3.748000 0.126885
3.752000 0.126985
3.756000 0.127109
3.760000 0.127092
3.764000 0.127062
3.768000 0.127114
3.772000 0.127267
3.776000 0.127369
3.780000 0.127502
3.784000 0.127559
3.788000 0.127547
3.792000 0.127591
3.796000 0.127582
3.800000 0.127624
3.804000 0.127707
3.808000 0.127646
3.812000 0.127540
3.816000 0.127377
3.820000 0.127199
3.824000 0.127214
3.828000 0.127353
3.832000 0.127524
3.836000 0.127523
3.840000 0.127434
3.844000 0.127470
3.848000 0.127545
3.852000 0.127608
3.856000 0.127644
3.860000 0.127677
3.864000 0.127856
3.868000 0.128113
3.872000 0.128260
3.876000 0.128300
3.880000 0.128367
3.884000 0.128391
3.888000 0.128530
3.892000 0.128771
3.896000 0.129101
3.900000 0.129218
3.904000 0.129203
3.908000 0.129020
3.912000 0.128975
3.916000 0.128986
3.920000 0.128837
3.924000 0.128649
3.928000 0.128649
3.932000 0.128750
3.936000 0.128832
3.940000 0.128873
3.944000 0.128957
3.948000 0.129157
3.952000 0.129240
3.956000 0.129286
3.960000 0.129302
3.964000 0.129262
3.968000 0.129207
3.972000 0.129263
3.976000 0.129321
3.980000 0.129342
3.984000 0.129401
3.988000 0.129215
3.992000 0.129015
3.996000 0.129007
4.000000 0.129109
4.004000 0.129254
4.008000 0.129356
4.012000 0.129479
4.016000 0.129523
4.020000 0.129527
4.024000 0.129506
4.028000 0.129521
4.032000 0.129491
4.036000 0.129460
4.040000 0.129513
4.044000 0.129635
4.048000 0.129891
4.052000 0.130042
4.056000 0.130104
4.060000 0.130142
4.064000 0.130213
4.068000 0.130246
4.072000 0.130279
4.076000 0.130338
4.080000 0.130341
4.084000 0.130328
4.088000 0.130395
4.092000 0.130663
4.096000 0.130956
4.100000 0.131037
4.104000 0.131090
4.108000 0.131165
4.112000 0.131221
4.116000 0.131233
4.120000 0.131249
4.124000 0.131391
4.128000 0.131449
4.132000 0.131525
4.136000 0.131560
4.140000 0.131594
4.144000 0.131599
4.148000 0.131717
4.152000 0.131965
4.156000 0.132102
4.160000 0.132107
4.164000 0.132199
4.168000 0.132261
4.172000 0.132306
4.176000 0.132317
4.180000 0.132311
4.184000 0.132296
4.188000 0.132142
4.192000 0.132043
4.196000 0.132037
4.200000 0.132121
4.204000 0.132214
4.208000 0.132203
4.212000 0.132284
4.216000 0.132454
4.220000 0.132613
4.224000 0.132753
4.228000 0.132850
4.232000 0.132911
4.236000 0.132962
4.240000 0.132990
4.244000 0.133017
4.248000 0.133094
4.252000 0.133248
4.256000 0.133338
4.260000 0.133448
4.264000 0.133410
4.268000 0.133311
4.272000 0.133137
4.276000 0.132945
4.280000 0.132756
4.284000 0.132679
4.288000 0.132728
4.292000 0.132798
4.296000 0.132888
4.300000 0.133012
4.304000 0.132987
4.308000 0.132847
4.312000 0.132701
4.316000 0.132661
4.320000 0.132568
4.324000 0.132526
4.328000 0.132485
4.332000 0.132513
4.336000 0.132552
4.340000 0.132558
4.344000 0.132527
4.348000 0.132422
4.352000 0.132303
4.356000 0.132331
4.360000 0.132436
4.364000 0.132534
4.368000 0.132597
4.372000 0.132599
4.376000 0.132548
4.380000 0.132596
4.384000 0.132578
4.388000 0.132630
4.392000 0.132677
4.396000 0.132777
4.400000 0.132773
4.404000 0.132710
4.408000 0.132758
4.412000 0.132844
4.416000 0.132804
4.420000 0.132786
4.424000 0.132863
4.428000 0.132903
4.432000 0.132796
4.436000 0.132793
4.440000 0.132739
4.444000 0.132941
4.448000 0.133173
4.452000 0.133124
4.456000 0.133108
4.460000 0.133170
4.464000 0.133242
4.468000 0.133223
4.472000 0.133242
4.476000 0.133253
4.480000 0.133265
4.484000 0.133247
4.488000 0.133154
4.492000 0.133152
4.496000 0.133351
4.500000 0.133405
4.504000 0.133387
4.508000 0.133329
4.512000 0.133264
4.516000 0.133147
4.520000 0.133069
4.524000 0.132985
4.528000 0.133006
4.532000 0.133140
4.536000 0.133293
4.540000 0.133440
4.544000 0.133620
4.548000 0.133710
4.552000 0.133725
4.556000 0.133742
4.560000 0.133645
4.564000 0.133620
4.568000 0.133499
4.572000 0.133430
4.576000 0.133482
4.580000 0.133452
4.584000 0.133427
4.588000 0.133588
4.592000 0.133764
4.596000 0.133824
4.600000 0.133769
4.604000 0.133830
4.608000 0.133899
4.612000 0.133885
4.616000 0.133893
4.620000 0.133788
4.624000 0.133700
4.628000 0.133753
4.632000 0.133936
4.636000 0.133992
4.640000 0.133880
4.644000 0.133910
4.648000 0.134103
4.652000 0.134167
4.656000 0.134200
4.660000 0.134240
4.664000 0.134226
4.668000 0.134227
4.672000 0.134348
4.676000 0.134556
4.680000 0.134646
4.684000 0.134771
4.688000 0.134868
4.692000 0.134732
4.696000 0.134565
4.700000 0.134539
4.704000 0.134631
4.708000 0.134686
4.712000 0.134719
4.716000 0.134879
4.720000 0.134999
4.724000 0.134975
4.728000 0.135021
4.732000 0.135054
4.736000 0.135087
4.740000 0.135109
4.744000 0.135109
4.748000 0.135156
4.752000 0.135239
4.756000 0.135353
4.760000 0.135368
4.764000 0.135331
4.768000 0.135330
4.772000 0.135326
4.776000 0.135285
4.780000 0.135252
4.784000 0.135101
4.788000 0.134836
4.792000 0.134554
4.796000 0.134495
4.800000 0.134586
4.804000 0.134749
4.808000 0.135001
4.812000 0.135240
4.816000 0.135204
4.820000 0.135118
4.824000 0.135096
4.828000 0.135102
4.832000 0.135141
4.836000 0.135270
4.840000 0.135367
4.844000 0.135450
4.848000 0.135431
4.852000 0.135262
4.856000 0.135255
4.860000 0.135267
4.864000 0.135162
4.868000 0.135086
4.872000 0.135071
4.876000 0.134983
4.880000 0.134797
4.884000 0.134701
4.888000 0.134604
4.892000 0.134710
4.896000 0.134743
4.900000 0.134896
4.904000 0.135154
4.908000 0.135267
4.912000 0.135247
4.916000 0.135282
4.920000 0.135451
4.924000 0.135429
4.928000 0.135449
4.932000 0.135412
4.936000 0.135442
4.940000 0.135468
4.944000 0.135580
4.948000 0.135710
4.952000 0.135795
4.956000 0.135830
4.960000 0.135922
4.964000 0.136073
4.968000 0.136080
4.972000 0.136033
4.976000 0.135961
4.980000 0.136025
4.984000 0.135973
4.988000 0.135772
4.992000 0.135649
4.996000 0.135721
