0.012000 0.001390
0.016000 0.001734
0.020000 0.002030
0.024000 0.002306
0.028000 0.002543
0.032000 0.002759
0.036000 0.003006
0.040000 0.003201
0.044000 0.003407
0.048000 0.003652
0.052000 0.003938
0.056000 0.004169
0.060000 0.004376
0.064000 0.004625
0.068000 0.004845
0.072000 0.005045
0.076000 0.005239
0.080000 0.005451
0.084000 0.005681
0.088000 0.005884
0.092000 0.006059
0.096000 0.006276
0.100000 0.006504
0.104000 0.006726
0.108000 0.006947
0.112000 0.007160
0.116000 0.007309
0.120000 0.007496
0.124000 0.007685
0.128000 0.007889
0.132000 0.008082
0.136000 0.008283
0.140000 0.008416
0.144000 0.008528
0.148000 0.008673
0.152000 0.008812
0.156000 0.008944
0.160000 0.009070
0.164000 0.009110
0.168000 0.009233
0.172000 0.009433
0.176000 0.009597
0.180000 0.009791
0.184000 0.009994
0.188000 0.010132
0.192000 0.010316
0.196000 0.010538
0.200000 0.010738
0.204000 0.010921
0.208000 0.011075
0.212000 0.011176
0.216000 0.011299
0.220000 0.011446
0.224000 0.011585
0.228000 0.011692
0.232000 0.011844
0.236000 0.012011
0.240000 0.012155
0.244000 0.012299
0.248000 0.012460
0.252000 0.012638
0.256000 0.012766
0.260000 0.012872
0.264000 0.013003
0.268000 0.013148
0.272000 0.013269
0.276000 0.013402
0.280000 0.013513
0.284000 0.013655
0.288000 0.013770
0.292000 0.013949
0.296000 0.014143
0.300000 0.014339
0.304000 0.014496
0.308000 0.014624
0.312000 0.014792
0.316000 0.014940
0.320000 0.015069
0.324000 0.015149
0.328000 0.015246
0.332000 0.015427
0.336000 0.015609
0.340000 0.015823
0.344000 0.016047
0.348000 0.016221
0.352000 0.016345
0.356000 0.016519
0.360000 0.016623
0.364000 0.016714
0.368000 0.016816
0.372000 0.016988
0.376000 0.017149
0.380000 0.017283
0.384000 0.017358
0.388000 0.017500
0.392000 0.017657
0.396000 0.017801
0.400000 0.017889
0.404000 0.017964
0.408000 0.018110
0.412000 0.018216
0.416000 0.018285
0.420000 0.018369
0.424000 0.018427
0.428000 0.018518
0.432000 0.018639
0.436000 0.018775
0.440000 0.018925
0.444000 0.019007
0.448000 0.019117
0.452000 0.019208
0.456000 0.019266
0.460000 0.019361
0.464000 0.019520
0.468000 0.019711
0.472000 0.019838
0.476000 0.019999
0.480000 0.020216
0.484000 0.020336
0.488000 0.020380
0.492000 0.020451
0.496000 0.020491
0.500000 0.020586
0.504000 0.020628
0.508000 0.020689
0.512000 0.020762
0.516000 0.020824
0.520000 0.020905
0.524000 0.021075
0.528000 0.021173
0.532000 0.021273
0.536000 0.021365
0.540000 0.021509
0.544000 0.021696
0.548000 0.021785
0.552000 0.021870
0.556000 0.021985
0.560000 0.022019
0.564000 0.022014
0.568000 0.022151
0.572000 0.022339
0.576000 0.022413
0.580000 0.022477
0.584000 0.022513
0.588000 0.022511
0.592000 0.022446
0.596000 0.022421
0.600000 0.022409
0.604000 0.022512
0.608000 0.022648
0.612000 0.022801
0.616000 0.022946
0.620000 0.023005
0.624000 0.023008
0.628000 0.023097
0.632000 0.023229
0.636000 0.023327
0.640000 0.023417
0.644000 0.023540
0.648000 0.023625
0.652000 0.023731
0.656000 0.023868
0.660000 0.023975
0.664000 0.024040
0.668000 0.024062
0.672000 0.024115
0.676000 0.024207
0.680000 0.024354
0.684000 0.024530
0.688000 0.024578
0.692000 0.024621
0.696000 0.024624
0.700000 0.024675
0.704000 0.024766
0.708000 0.024865
0.712000 0.024843
0.716000 0.024853
0.720000 0.024938
0.724000 0.025058
0.728000 0.025175
0.732000 0.025323
0.736000 0.025378
0.740000 0.025403
0.744000 0.025475
0.748000 0.025632
0.752000 0.025852
0.756000 0.026044
0.760000 0.026190
0.764000 0.026316
0.768000 0.026392
0.772000 0.026473
0.776000 0.026470
0.780000 0.026447
0.784000 0.026522
0.788000 0.026610
0.792000 0.026736
0.796000 0.026845
0.800000 0.026928
0.804000 0.027032
0.808000 0.027149
0.812000 0.027227
0.816000 0.027380
0.820000 0.027510
0.824000 0.027496
0.828000 0.027520
0.832000 0.027652
0.836000 0.027816
0.840000 0.027952
0.844000 0.028035
0.848000 0.028108
0.852000 0.028177
0.856000 0.028240
0.860000 0.028398
0.864000 0.028550
0.868000 0.028661
0.872000 0.028753
0.876000 0.028854
0.880000 0.029010
0.884000 0.029187
0.888000 0.029309
0.892000 0.029412
0.896000 0.029482
0.900000 0.029513
0.904000 0.029649
0.908000 0.029724
0.912000 0.029792
0.916000 0.029882
0.920000 0.029921
0.924000 0.030014
0.928000 0.030134
0.932000 0.030138
0.936000 0.030145
0.940000 0.030238
0.944000 0.030297
0.948000 0.030290
0.952000 0.030303
0.956000 0.030434
0.960000 0.030481
0.964000 0.030521
0.968000 0.030612
0.972000 0.030740
0.976000 0.030899
0.980000 0.031054
0.984000 0.031173
0.988000 0.031218
0.992000 0.031309
0.996000 0.031440
1.000000 0.031493
1.004000 0.031506
1.008000 0.031556
1.012000 0.031600
1.016000 0.031595
1.020000 0.031676
1.024000 0.031785
1.028000 0.031825
1.032000 0.031877
1.036000 0.031912
1.040000 0.031965
1.044000 0.031906
1.048000 0.031944
1.052000 0.032152
1.056000 0.032290
1.060000 0.032335
1.064000 0.032433
1.068000 0.032581
1.072000 0.032729
1.076000 0.032869
1.080000 0.032974
1.084000 0.033161
1.088000 0.033264
1.092000 0.033277
1.096000 0.033312
1.100000 0.033366
1.104000 0.033438
1.108000 0.033497
1.112000 0.033600
1.116000 0.033624
1.120000 0.033699
1.124000 0.033844
1.128000 0.033980
1.132000 0.034064
1.136000 0.034046
1.140000 0.034121
1.144000 0.034195
1.148000 0.034239
1.152000 0.034204
1.156000 0.034173
1.160000 0.034189
1.164000 0.034253
1.168000 0.034378
1.172000 0.034408
1.176000 0.034363
1.180000 0.034395
1.184000 0.034420
1.188000 0.034490
1.192000 0.034594
1.196000 0.034659
1.200000 0.034702
1.204000 0.034723
1.208000 0.034786
1.212000 0.034805
1.216000 0.034940
1.220000 0.035082
1.224000 0.035158
1.228000 0.035239
1.232000 0.035218
1.236000 0.035252
1.240000 0.035317
1.244000 0.035386
1.248000 0.035498
1.252000 0.035549
1.256000 0.035550
1.260000 0.035529
1.264000 0.035562
1.268000 0.035619
1.272000 0.035761
1.276000 0.035951
1.280000 0.035964
1.284000 0.035908
1.288000 0.035786
1.292000 0.035718
1.296000 0.035832
1.300000 0.035986
1.304000 0.036065
1.308000 0.036112
1.312000 0.036164
1.316000 0.036243
1.320000 0.036363
1.324000 0.036293
1.328000 0.036193
1.332000 0.036222
1.336000 0.036354
1.340000 0.036482
1.344000 0.036568
1.348000 0.036555
1.352000 0.036564
1.356000 0.036567
1.360000 0.036644
1.364000 0.036733
1.368000 0.036764
1.372000 0.036836
1.376000 0.036878
1.380000 0.036844
1.384000 0.036786
1.388000 0.036744
1.392000 0.036810
1.396000 0.036881
1.400000 0.036932
1.404000 0.036948
1.408000 0.036936
1.412000 0.036881
1.416000 0.036944
1.420000 0.036981
1.424000 0.037000
1.428000 0.036984
1.432000 0.037020
1.436000 0.037141
1.440000 0.037304
1.444000 0.037364
1.448000 0.037475
1.452000 0.037630
1.456000 0.037793
1.460000 0.037862
1.464000 0.037881
1.468000 0.037997
1.472000 0.038091
1.476000 0.038160
1.480000 0.038159
1.484000 0.038102
1.488000 0.038053
1.492000 0.038063
1.496000 0.038106
1.500000 0.038116
1.504000 0.038157
1.508000 0.038184
1.512000 0.038219
1.516000 0.038221
1.520000 0.038257
1.524000 0.038377
1.528000 0.038412
1.532000 0.038482
1.536000 0.038485
1.540000 0.038472
1.544000 0.038423
1.548000 0.038330
1.552000 0.038251
1.556000 0.038249
1.560000 0.038328
1.564000 0.038444
1.568000 0.038572
1.572000 0.038728
1.576000 0.038830
1.580000 0.038927
1.584000 0.038965
1.588000 0.039077
1.592000 0.039170
1.596000 0.039178
1.600000 0.039128
1.604000 0.039154
1.608000 0.039276
1.612000 0.039392
1.616000 0.039485
1.620000 0.039619
1.624000 0.039760
1.628000 0.039852
1.632000 0.039882
1.636000 0.039841
1.640000 0.039771
1.644000 0.039800
1.648000 0.039895
1.652000 0.040002
1.656000 0.040096
1.660000 0.040169
1.664000 0.040194
1.668000 0.040239
1.672000 0.040286
1.676000 0.040253
1.680000 0.040134
1.684000 0.040089
1.688000 0.040050
1.692000 0.040109
1.696000 0.040123
1.700000 0.040123
1.704000 0.040173
1.708000 0.040229
1.712000 0.040244
1.716000 0.040300
1.720000 0.040398
1.724000 0.040522
1.728000 0.040609
1.732000 0.040712
1.736000 0.040906
1.740000 0.041017
1.744000 0.040987
1.748000 0.040903
1.752000 0.040916
1.756000 0.040993
1.760000 0.041138
1.764000 0.041214
1.768000 0.041298
1.772000 0.041390
1.776000 0.041389
1.780000 0.041469
1.784000 0.041501
1.788000 0.041580
1.792000 0.041583
1.796000 0.041489
1.800000 0.041495
1.804000 0.041450
1.808000 0.041424
1.812000 0.041432
1.816000 0.041353
1.820000 0.041324
1.824000 0.041352
1.828000 0.041420
1.832000 0.041512
1.836000 0.041565
1.840000 0.041494
1.844000 0.041580
1.848000 0.041654
1.852000 0.041712
1.856000 0.041831
1.860000 0.041975
1.864000 0.042065
1.868000 0.042096
1.872000 0.042182
1.876000 0.042271
1.880000 0.042327
1.884000 0.042375
1.888000 0.042439
1.892000 0.042430
1.896000 0.042355
1.900000 0.042374
1.904000 0.042488
1.908000 0.042593
1.912000 0.042682
1.916000 0.042736
1.920000 0.042773
1.924000 0.042845
1.928000 0.042929
1.932000 0.042983
1.936000 0.043007
1.940000 0.043014
1.944000 0.043117
1.948000 0.043145
1.952000 0.043143
1.956000 0.043140
1.960000 0.043191
1.964000 0.043239
1.968000 0.043311
1.972000 0.043385
1.976000 0.043403
1.980000 0.043463
1.984000 0.043588
1.988000 0.043631
1.992000 0.043660
1.996000 0.043636
2.000000 0.043512
2.004000 0.043490
2.008000 0.043595
2.012000 0.043703
2.016000 0.043877
2.020000 0.044027
2.024000 0.044093
2.028000 0.044078
2.032000 0.044051
2.036000 0.043985
2.040000 0.043967
2.044000 0.044019
2.048000 0.044147
2.052000 0.044222
2.056000 0.044205
2.060000 0.044289
2.064000 0.044343
2.068000 0.044325
2.072000 0.044289
2.076000 0.044294
2.080000 0.044330
2.084000 0.044372
2.088000 0.044463
2.092000 0.044547
2.096000 0.044543
2.100000 0.044452
2.104000 0.044447
2.108000 0.044528
2.112000 0.044536
2.116000 0.044469
2.120000 0.044449
2.124000 0.044466
2.128000 0.044452
2.132000 0.044335
2.136000 0.044331
2.140000 0.044344
2.144000 0.044318
2.148000 0.044346
2.152000 0.044385
2.156000 0.044415
2.160000 0.044437
2.164000 0.044426
2.168000 0.044430
2.172000 0.044435
2.176000 0.044456
2.180000 0.044505
2.184000 0.044468
2.188000 0.044532
2.192000 0.044586
2.196000 0.044674
2.200000 0.044750
2.204000 0.044766
2.208000 0.044769
2.212000 0.044794
2.216000 0.044818
2.220000 0.044852
2.224000 0.044831
2.228000 0.044844
2.232000 0.044853
2.236000 0.044800
2.240000 0.044747
2.244000 0.044703
2.248000 0.044759
2.252000 0.044889
2.256000 0.045064
2.260000 0.045161
2.264000 0.045159
2.268000 0.045201
2.272000 0.045306
2.276000 0.045391
2.280000 0.045435
2.284000 0.045458
2.288000 0.045569
2.292000 0.045727
2.296000 0.045803
2.300000 0.045805
2.304000 0.045787
2.308000 0.045740
2.312000 0.045757
2.316000 0.045766
2.320000 0.045702
2.324000 0.045645
2.328000 0.045596
2.332000 0.045515
2.336000 0.045460
2.340000 0.045366
2.344000 0.045235
2.348000 0.045157
2.352000 0.045171
2.356000 0.045285
2.360000 0.045312
2.364000 0.045361
2.368000 0.045360
2.372000 0.045403
2.376000 0.045534
2.380000 0.045662
2.384000 0.045691
2.388000 0.045741
2.392000 0.045863
2.396000 0.045922
2.400000 0.045924
2.404000 0.045923
2.408000 0.046062
2.412000 0.046178
2.416000 0.046233
2.420000 0.046383
2.424000 0.046428
2.428000 0.046448
2.432000 0.046554
2.436000 0.046596
2.440000 0.046583
2.444000 0.046614
2.448000 0.046695
2.452000 0.046790
2.456000 0.046871
2.460000 0.046927
2.464000 0.046928
2.468000 0.046951
2.472000 0.047002
2.476000 0.047102
2.480000 0.047324
2.484000 0.047536
2.488000 0.047556
2.492000 0.047565
2.496000 0.047570
2.500000 0.047634
2.504000 0.047609
2.508000 0.047629
2.512000 0.047634
2.516000 0.047643
2.520000 0.047683
2.524000 0.047740
2.528000 0.047753
2.532000 0.047776
2.536000 0.047915
2.540000 0.047996
2.544000 0.048023
2.548000 0.048079
2.552000 0.048233
2.556000 0.048368
2.560000 0.048390
2.564000 0.048405
2.568000 0.048476
2.572000 0.048559
2.576000 0.048601
2.580000 0.048573
2.584000 0.048561
2.588000 0.048621
2.592000 0.048702
2.596000 0.048767
2.600000 0.048872
2.604000 0.048921
2.608000 0.048963
2.612000 0.049141
2.616000 0.049337
2.620000 0.049458
2.624000 0.049471
2.628000 0.049491
2.632000 0.049530
2.636000 0.049550
2.640000 0.049589
2.644000 0.049596
2.648000 0.049671
2.652000 0.049783
2.656000 0.049870
2.660000 0.049885
2.664000 0.049935
2.668000 0.050031
2.672000 0.050110
2.676000 0.050086
2.680000 0.050080
2.684000 0.050037
2.688000 0.049951
2.692000 0.049937
2.696000 0.049901
2.700000 0.049887
2.704000 0.049859
2.708000 0.049865
2.712000 0.049819
2.716000 0.049744
2.720000 0.049724
2.724000 0.049750
2.728000 0.049766
2.732000 0.049708
2.736000 0.049660
2.740000 0.049639
2.744000 0.049649
2.748000 0.049706
2.752000 0.049741
2.756000 0.049793
2.760000 0.049821
2.764000 0.049744
2.768000 0.049690
2.772000 0.049607
2.776000 0.049513
2.780000 0.049532
2.784000 0.049590
2.788000 0.049688
2.792000 0.049836
2.796000 0.049921
2.800000 0.049936
2.804000 0.050027
2.808000 0.050169
2.812000 0.050234
2.816000 0.050293
2.820000 0.050389
2.824000 0.050439
2.828000 0.050518
2.832000 0.050642
2.836000 0.050738
2.840000 0.050748
2.844000 0.050812
2.848000 0.050883
2.852000 0.050956
2.856000 0.050946
2.860000 0.050920
2.864000 0.050870
2.868000 0.050868
2.872000 0.050972
2.876000 0.051033
2.880000 0.051013
2.884000 0.051002
2.888000 0.050967
2.892000 0.050952
2.896000 0.050868
2.900000 0.050804
2.904000 0.050805
2.908000 0.050921
2.912000 0.051043
2.916000 0.051125
2.920000 0.051124
2.924000 0.051031
2.928000 0.050968
2.932000 0.050942
2.936000 0.051013
2.940000 0.051088
2.944000 0.051192
2.948000 0.051268
2.952000 0.051378
2.956000 0.051463
2.960000 0.051468
2.964000 0.051487
2.968000 0.051514
2.972000 0.051566
2.976000 0.051656
2.980000 0.051749
2.984000 0.051840
2.988000 0.051870
2.992000 0.051860
2.996000 0.051847
3.000000 0.051815
3.004000 0.051783
3.008000 0.051769
3.012000 0.051768
3.016000 0.051773
3.020000 0.051828
3.024000 0.051884
3.028000 0.051889
3.032000 0.051876
3.036000 0.051894
3.040000 0.051926
3.044000 0.052026
3.048000 0.052105
3.052000 0.052185
3.056000 0.052213
3.060000 0.052172
3.064000 0.052146
3.068000 0.052114
3.072000 0.052127
3.076000 0.052160
3.080000 0.052218
3.084000 0.052240
3.088000 0.052263
3.092000 0.052195
3.096000 0.052125
3.100000 0.052127
3.104000 0.052167
3.108000 0.052202
3.112000 0.052253
3.116000 0.052275
3.120000 0.052247
3.124000 0.052199
3.128000 0.052128
3.132000 0.052075
3.136000 0.052037
3.140000 0.052083
3.144000 0.052138
3.148000 0.052147
3.152000 0.052110
3.156000 0.052157
3.160000 0.052273
3.164000 0.052318
3.168000 0.052314
3.172000 0.052232
3.176000 0.052135
3.180000 0.052162
3.184000 0.052211
3.188000 0.052269
3.192000 0.052343
3.196000 0.052355
3.200000 0.052330
3.204000 0.052356
3.208000 0.052379
3.212000 0.052363
3.216000 0.052367
3.220000 0.052437
3.224000 0.052498
3.228000 0.052521
3.232000 0.052507
3.236000 0.052515
3.240000 0.052506
3.244000 0.052503
3.248000 0.052539
3.252000 0.052515
3.256000 0.052540
3.260000 0.052581
3.264000 0.052554
3.268000 0.052448
3.272000 0.052406
3.276000 0.052340
3.280000 0.052271
3.284000 0.052289
3.288000 0.052341
3.292000 0.052398
3.296000 0.052463
3.300000 0.052522
3.304000 0.052626
3.308000 0.052675
3.312000 0.052719
3.316000 0.052704
3.320000 0.052681
3.324000 0.052686
3.328000 0.052756
3.332000 0.052813
3.336000 0.052850
3.340000 0.052795
3.344000 0.052778
3.348000 0.052828
3.352000 0.052811
3.356000 0.052763
3.360000 0.052756
3.364000 0.052780
3.368000 0.052862
3.372000 0.052985
3.376000 0.053048
3.380000 0.053081
3.384000 0.053113
3.388000 0.053154
3.392000 0.053188
3.396000 0.053248
3.400000 0.053233
3.404000 0.053217
3.408000 0.053195
3.412000 0.053187
3.416000 0.053184
3.420000 0.053182
3.424000 0.053237
3.428000 0.053232
3.432000 0.053187
3.436000 0.053120
3.440000 0.053090
3.444000 0.053123
3.448000 0.053097
3.452000 0.053002
3.456000 0.052978
3.460000 0.052940
3.464000 0.052917
3.468000 0.052880
3.472000 0.052893
3.476000 0.052925
3.480000 0.052964
3.484000 0.052986
3.488000 0.052958
3.492000 0.052990
3.496000 0.053013
3.500000 0.053140
3.504000 0.053280
3.508000 0.053380
3.512000 0.053450
3.516000 0.053432
3.520000 0.053410
3.524000 0.053404
3.528000 0.053378
3.532000 0.053332
3.536000 0.053340
3.540000 0.053376
3.544000 0.053424
3.548000 0.053435
3.552000 0.053512
3.556000 0.053621
3.560000 0.053693
3.564000 0.053789
3.568000 0.053775
3.572000 0.053658
3.576000 0.053591
3.580000 0.053570
3.584000 0.053596
3.588000 0.053596
3.592000 0.053669
3.596000 0.053706
3.600000 0.053692
3.604000 0.053615
3.608000 0.053546
3.612000 0.053524
3.616000 0.053536
3.620000 0.053630
3.624000 0.053750
3.628000 0.053858
3.632000 0.053920
3.636000 0.054059
3.640000 0.054250
3.644000 0.054416
3.648000 0.054455
3.652000 0.054495
3.656000 0.054569
3.660000 0.054626
3.664000 0.054620
3.668000 0.054575
3.672000 0.054552
3.676000 0.054519
3.680000 0.054475
3.684000 0.054465
3.688000 0.054532
3.692000 0.054618
3.696000 0.054714
3.700000 0.054828
3.704000 0.054946
3.708000 0.055024
3.712000 0.055065
3.716000 0.054992
3.720000 0.054898
3.724000 0.054852
3.728000 0.054840
3.732000 0.054841
3.736000 0.054944
3.740000 0.054991
3.744000 0.055048
3.748000 0.055113
3.752000 0.055076
3.756000 0.055041
3.760000 0.055006
3.764000 0.054939
3.768000 0.054872
3.772000 0.054781
3.776000 0.054728
3.780000 0.054702
3.784000 0.054811
3.788000 0.054953
3.792000 0.055120
3.796000 0.055279
3.800000 0.055317
3.804000 0.055304
3.808000 0.055265
3.812000 0.055156
3.816000 0.055084
3.820000 0.055151
3.824000 0.055275
3.828000 0.055303
3.832000 0.055338
3.836000 0.055359
3.840000 0.055423
3.844000 0.055395
3.848000 0.055316
3.852000 0.055334
3.856000 0.055412
3.860000 0.055469
3.864000 0.055529
3.868000 0.055584
3.872000 0.055651
3.876000 0.055723
3.880000 0.055712
3.884000 0.055674
3.888000 0.055648
3.892000 0.055672
3.896000 0.055791
3.900000 0.055893
3.904000 0.055866
3.908000 0.055814
3.912000 0.055762
3.916000 0.055764
3.920000 0.055817
3.924000 0.055889
3.928000 0.055866
3.932000 0.055904
3.936000 0.055944
3.940000 0.055932
3.944000 0.055938
3.948000 0.055995
3.952000 0.056047
3.956000 0.056090
3.960000 0.056159
3.964000 0.056280
3.968000 0.056403
3.972000 0.056450
3.976000 0.056489
3.980000 0.056529
3.984000 0.056515
3.988000 0.056523
3.992000 0.056572
3.996000 0.056619
4.000000 0.056615
4.004000 0.056612
4.008000 0.056558
4.012000 0.056472
4.016000 0.056423
4.020000 0.056490
4.024000 0.056510
4.028000 0.056447
4.032000 0.056397
4.036000 0.056402
4.040000 0.056402
4.044000 0.056394
4.048000 0.056398
4.052000 0.056368
4.056000 0.056380
4.060000 0.056392
4.064000 0.056376
4.068000 0.056311
4.072000 0.056288
4.076000 0.056335
4.080000 0.056314
4.084000 0.056301
4.088000 0.056347
4.092000 0.056420
4.096000 0.056425
4.100000 0.056422
4.104000 0.056487
4.108000 0.056527
4.112000 0.056541
4.116000 0.056598
4.120000 0.056647
4.124000 0.056684
4.128000 0.056752
4.132000 0.056772
4.136000 0.056755
4.140000 0.056683
4.144000 0.056627
4.148000 0.056658
4.152000 0.056707
4.156000 0.056759
4.160000 0.056807
4.164000 0.056833
4.168000 0.056851
4.172000 0.056817
4.176000 0.056739
4.180000 0.056667
4.184000 0.056667
4.188000 0.056725
4.192000 0.056759
4.196000 0.056667
4.200000 0.056580
4.204000 0.056608
4.208000 0.056630
4.212000 0.056561
4.216000 0.056528
4.220000 0.056536
4.224000 0.056582
4.228000 0.056654
4.232000 0.056640
4.236000 0.056602
4.240000 0.056603
4.244000 0.056613
4.248000 0.056612
4.252000 0.056582
4.256000 0.056542
4.260000 0.056522
4.264000 0.056549
4.268000 0.056601
4.272000 0.056662
4.276000 0.056723
4.280000 0.056729
4.284000 0.056761
4.288000 0.056845
4.292000 0.056908
4.296000 0.056961
4.300000 0.056981
4.304000 0.056994
4.308000 0.057000
4.312000 0.056929
4.316000 0.056928
4.320000 0.056957
4.324000 0.056966
4.328000 0.057025
4.332000 0.057021
4.336000 0.057028
4.340000 0.057079
4.344000 0.057116
4.348000 0.057134
4.352000 0.057164
4.356000 0.057245
4.360000 0.057270
4.364000 0.057244
4.368000 0.057222
4.372000 0.057255
4.376000 0.057315
4.380000 0.057350
4.384000 0.057277
4.388000 0.057213
4.392000 0.057255
4.396000 0.057343
4.400000 0.057397
4.404000 0.057433
4.408000 0.057440
4.412000 0.057428
4.416000 0.057458
4.420000 0.057509
4.424000 0.057595
4.428000 0.057707
4.432000 0.057772
4.436000 0.057838
4.440000 0.057900
4.444000 0.057939
4.448000 0.057930
4.452000 0.057950
4.456000 0.057983
4.460000 0.057966
4.464000 0.057948
4.468000 0.057944
4.472000 0.057930
4.476000 0.057908
4.480000 0.057916
4.484000 0.057937
4.488000 0.058019
4.492000 0.058068
4.496000 0.058139
4.500000 0.058151
4.504000 0.058087
4.508000 0.058023
4.512000 0.057987
4.516000 0.057962
4.520000 0.057957
4.524000 0.057986
4.528000 0.057963
4.532000 0.057945
4.536000 0.057940
4.540000 0.057868
4.544000 0.057848
4.548000 0.057849
4.552000 0.057820
4.556000 0.057805
4.560000 0.057846
4.564000 0.057862
4.568000 0.057874
4.572000 0.057892
4.576000 0.057855
4.580000 0.057858
4.584000 0.057876
4.588000 0.057853
4.592000 0.057803
4.596000 0.057763
4.600000 0.057705
4.604000 0.057661
4.608000 0.057630
4.612000 0.057669
4.616000 0.057714
4.620000 0.057718
4.624000 0.057677
4.628000 0.057688
4.632000 0.057709
4.636000 0.057732
4.640000 0.057699
4.644000 0.057706
4.648000 0.057671
4.652000 0.057684
4.656000 0.057682
4.660000 0.057643
4.664000 0.057576
4.668000 0.057561
4.672000 0.057564
4.676000 0.057595
4.680000 0.057600
4.684000 0.057592
4.688000 0.057611
4.692000 0.057625
4.696000 0.057645
4.700000 0.057670
4.704000 0.057690
4.708000 0.057737
4.712000 0.057795
4.716000 0.057818
4.720000 0.057816
4.724000 0.057837
4.728000 0.057848
4.732000 0.057835
4.736000 0.057847
4.740000 0.057870
4.744000 0.057927
4.748000 0.057897
4.752000 0.057809
4.756000 0.057726
4.760000 0.057699
4.764000 0.057682
4.768000 0.057695
4.772000 0.057702
4.776000 0.057738
4.780000 0.057753
4.784000 0.057757
4.788000 0.057684
4.792000 0.057674
4.796000 0.057737
4.800000 0.057761
4.804000 0.057731
4.808000 0.057692
4.812000 0.057669
4.816000 0.057677
4.820000 0.057668
4.824000 0.057690
4.828000 0.057779
4.832000 0.057883
4.836000 0.057973
4.840000 0.058031
4.844000 0.058044
4.848000 0.057958
4.852000 0.057891
4.856000 0.057920
4.860000 0.057984
4.864000 0.058007
4.868000 0.057972
4.872000 0.057936
4.876000 0.057981
4.880000 0.058102
4.884000 0.058165
4.888000 0.058213
4.892000 0.058230
4.896000 0.058275
4.900000 0.058315
4.904000 0.058376
4.908000 0.058475
4.912000 0.058504
4.916000 0.058511
4.920000 0.058520
4.924000 0.058530
4.928000 0.058515
4.932000 0.058542
4.936000 0.058478
4.940000 0.058453
4.944000 0.058451
4.948000 0.058408
4.952000 0.058387
4.956000 0.058359
4.960000 0.058328
4.964000 0.058301
4.968000 0.058287
4.972000 0.058302
4.976000 0.058325
4.980000 0.058350
4.984000 0.058340
4.988000 0.058392
4.992000 0.058423
4.996000 0.058462
