0.012000 0.001451
0.016000 0.001838
0.020000 0.002177
0.024000 0.002500
0.028000 0.002789
0.032000 0.003056
0.036000 0.003308
0.040000 0.003588
0.044000 0.003892
0.048000 0.004228
0.052000 0.004578
0.056000 0.004888
0.060000 0.005171
0.064000 0.005425
0.068000 0.005679
0.072000 0.005933
0.076000 0.006265
0.080000 0.006619
0.084000 0.006900
0.088000 0.007169
0.092000 0.007456
0.096000 0.007738
0.100000 0.007982
0.104000 0.008201
0.108000 0.008390
0.112000 0.008655
0.116000 0.008951
0.120000 0.009148
0.124000 0.009360
0.128000 0.009598
0.132000 0.009783
0.136000 0.009987
0.140000 0.010204
0.144000 0.010374
0.148000 0.010569
0.152000 0.010768
0.156000 0.010979
0.160000 0.011201
0.164000 0.011386
0.168000 0.011517
0.172000 0.011691
0.176000 0.011917
0.180000 0.012204
0.184000 0.012497
0.188000 0.012700
0.192000 0.012927
0.196000 0.013130
0.200000 0.013398
0.204000 0.013679
0.208000 0.013899
0.212000 0.014163
0.216000 0.014383
0.220000 0.014566
0.224000 0.014762
0.228000 0.014898
0.232000 0.014970
0.236000 0.015137
0.240000 0.015433
0.244000 0.015772
0.248000 0.016086
0.252000 0.016362
0.256000 0.016539
0.260000 0.016680
0.264000 0.016823
0.268000 0.017037
0.272000 0.017250
0.276000 0.017376
0.280000 0.017594
0.284000 0.017842
0.288000 0.017982
0.292000 0.018190
0.296000 0.018428
0.300000 0.018596
0.304000 0.018730
0.308000 0.018866
0.312000 0.019033
0.316000 0.019245
0.320000 0.019557
0.324000 0.019936
0.328000 0.020204
0.332000 0.020477
0.336000 0.020726
0.340000 0.020926
0.344000 0.021167
0.348000 0.021346
0.352000 0.021553
0.356000 0.021739
0.360000 0.021837
0.364000 0.022000
0.368000 0.022108
0.372000 0.022203
0.376000 0.022348
0.380000 0.022491
0.384000 0.022661
0.388000 0.022765
0.392000 0.022903
0.396000 0.023077
0.400000 0.023130
0.404000 0.023188
0.408000 0.023273
0.412000 0.023450
0.416000 0.023612
0.420000 0.023831
0.424000 0.024073
0.428000 0.024349
0.432000 0.024590
0.436000 0.024840
0.440000 0.025141
0.444000 0.025341
0.448000 0.025454
0.452000 0.025505
0.456000 0.025688
0.460000 0.025966
0.464000 0.026063
0.468000 0.026102
0.472000 0.026156
0.476000 0.026267
0.480000 0.026314
0.484000 0.026412
0.488000 0.026583
0.492000 0.026817
0.496000 0.027022
0.500000 0.027151
0.504000 0.027265
0.508000 0.027383
0.512000 0.027519
0.516000 0.027730
0.520000 0.027929
0.524000 0.028067
0.528000 0.028119
0.532000 0.028271
0.536000 0.028451
0.540000 0.028685
0.544000 0.028918
0.548000 0.028854
0.552000 0.028817
0.556000 0.028902
0.560000 0.029023
0.564000 0.029086
0.568000 0.029141
0.572000 0.029272
0.576000 0.029455
0.580000 0.029647
0.584000 0.029854
0.588000 0.030100
0.592000 0.030329
0.596000 0.030615
0.600000 0.030965
0.604000 0.031093
0.608000 0.031222
0.612000 0.031488
0.616000 0.031821
0.620000 0.032139
0.624000 0.032258
0.628000 0.032371
0.632000 0.032501
0.636000 0.032565
0.640000 0.032577
0.644000 0.032581
0.648000 0.032758
0.652000 0.032995
0.656000 0.033307
0.660000 0.033649
0.664000 0.033899
0.668000 0.034113
0.672000 0.034275
0.676000 0.034432
0.680000 0.034645
0.684000 0.034866
0.688000 0.035124
0.692000 0.035267
0.696000 0.035318
0.700000 0.035495
0.704000 0.035727
0.708000 0.035833
0.712000 0.035941
0.716000 0.036104
0.720000 0.036319
0.724000 0.036495
0.728000 0.036677
0.732000 0.036844
0.736000 0.037028
0.740000 0.037220
0.744000 0.037358
0.748000 0.037437
0.752000 0.037532
0.756000 0.037634
0.760000 0.037782
0.764000 0.038003
0.768000 0.038109
0.772000 0.038167
0.776000 0.038252
0.780000 0.038390
0.784000 0.038490
0.788000 0.038542
0.792000 0.038560
0.796000 0.038636
0.800000 0.038772
0.804000 0.038974
0.808000 0.039157
0.812000 0.039294
0.816000 0.039371
0.820000 0.039329
0.824000 0.039360
0.828000 0.039449
0.832000 0.039654
0.836000 0.039816
0.840000 0.039910
0.844000 0.040114
0.848000 0.040284
0.852000 0.040438
0.856000 0.040507
0.860000 0.040666
0.864000 0.040806
0.868000 0.040915
0.872000 0.041048
0.876000 0.041203
0.880000 0.041427
0.884000 0.041526
0.888000 0.041594
0.892000 0.041545
0.896000 0.041600
0.900000 0.041775
0.904000 0.042033
0.908000 0.042278
0.912000 0.042478
0.916000 0.042766
0.920000 0.043123
0.924000 0.043398
0.928000 0.043658
0.932000 0.043831
0.936000 0.043915
0.940000 0.043930
0.944000 0.043968
0.948000 0.044061
0.952000 0.044327
0.956000 0.044550
0.960000 0.044544
0.964000 0.044477
0.968000 0.044374
0.972000 0.044485
0.976000 0.044654
0.980000 0.044794
0.984000 0.044925
0.988000 0.045069
0.992000 0.045354
0.996000 0.045520
1.000000 0.045740
1.004000 0.045817
1.008000 0.045797
1.012000 0.045832
1.016000 0.045886
1.020000 0.045918
1.024000 0.046190
1.028000 0.046571
1.032000 0.046803
1.036000 0.046937
1.040000 0.046970
1.044000 0.046934
1.048000 0.046895
1.052000 0.046958
1.056000 0.047140
1.060000 0.047243
1.064000 0.047272
1.068000 0.047491
1.072000 0.047686
1.076000 0.047858
1.080000 0.047940
1.084000 0.048059
1.088000 0.048123
1.092000 0.048256
1.096000 0.048328
1.100000 0.048488
1.104000 0.048673
1.108000 0.048744
1.112000 0.048912
1.116000 0.049019
1.120000 0.048930
1.124000 0.048792
1.128000 0.048754
1.132000 0.048800
1.136000 0.048856
1.140000 0.048775
1.144000 0.048750
1.148000 0.048793
1.152000 0.048799
1.156000 0.048722
1.160000 0.048767
1.164000 0.048866
1.168000 0.048990
1.172000 0.049131
1.176000 0.049266
1.180000 0.049418
1.184000 0.049510
1.188000 0.049665
1.192000 0.049851
1.196000 0.049933
1.200000 0.049991
1.204000 0.050143
1.208000 0.050393
1.212000 0.050545
1.216000 0.050564
1.220000 0.050481
1.224000 0.050504
1.228000 0.050582
1.232000 0.050627
1.236000 0.050703
1.240000 0.050764
1.244000 0.050850
1.248000 0.051037
1.252000 0.051248
1.256000 0.051307
1.260000 0.051363
1.264000 0.051404
1.268000 0.051543
1.272000 0.051812
1.276000 0.051989
1.280000 0.052124
1.284000 0.052224
1.288000 0.052175
1.292000 0.052154
1.296000 0.052223
1.300000 0.052318
1.304000 0.052310
1.308000 0.052315
1.312000 0.052467
1.316000 0.052752
1.320000 0.052925
1.324000 0.053145
1.328000 0.053461
1.332000 0.053657
1.336000 0.053733
1.340000 0.053807
1.344000 0.053925
1.348000 0.054025
1.352000 0.054130
1.356000 0.054254
1.360000 0.054482
1.364000 0.054657
1.368000 0.054830
1.372000 0.055032
1.376000 0.055037
1.380000 0.055138
1.384000 0.055299
1.388000 0.055439
1.392000 0.055501
1.396000 0.055528
1.400000 0.055507
1.404000 0.055582
1.408000 0.055738
1.412000 0.055863
1.416000 0.055928
1.420000 0.055938
1.424000 0.055967
1.428000 0.056024
1.432000 0.056184
1.436000 0.056364
1.440000 0.056494
1.444000 0.056647
1.448000 0.056744
1.452000 0.056782
1.456000 0.056909
1.460000 0.057010
1.464000 0.057061
1.468000 0.057100
1.472000 0.057189
1.476000 0.057196
1.480000 0.057214
1.484000 0.057353
1.488000 0.057587
1.492000 0.057741
1.496000 0.057796
1.500000 0.057950
1.504000 0.058083
1.508000 0.058111
1.512000 0.058087
1.516000 0.058138
1.520000 0.058232
1.524000 0.058390
1.528000 0.058495
1.532000 0.058485
1.536000 0.058538
1.540000 0.058611
1.544000 0.058652
1.548000 0.058707
1.552000 0.058574
1.556000 0.058631
1.560000 0.058823
1.564000 0.058897
1.568000 0.059019
1.572000 0.059107
1.576000 0.059117
1.580000 0.059157
1.584000 0.059170
1.588000 0.059302
1.592000 0.059350
1.596000 0.059324
1.600000 0.059403
1.604000 0.059520
1.608000 0.059741
1.612000 0.059914
1.616000 0.059934
1.620000 0.060076
1.624000 0.060180
1.628000 0.060111
1.632000 0.060084
1.636000 0.060116
1.640000 0.060263
1.644000 0.060446
1.648000 0.060616
1.652000 0.060794
1.656000 0.060886
1.660000 0.060861
1.664000 0.060779
1.668000 0.060718
1.672000 0.060718
1.676000 0.060798
1.680000 0.060886
1.684000 0.060948
1.688000 0.060851
1.692000 0.060694
1.696000 0.060671
1.700000 0.060716
1.704000 0.060736
1.708000 0.060720
1.712000 0.060746
1.716000 0.060815
1.720000 0.060945
1.724000 0.061139
1.728000 0.061280
1.732000 0.061491
1.736000 0.061638
1.740000 0.061609
1.744000 0.061599
1.748000 0.061526
1.752000 0.061540
1.756000 0.061726
1.760000 0.061831
1.764000 0.061845
1.768000 0.061968
1.772000 0.062197
1.776000 0.062414
1.780000 0.062566
1.784000 0.062592
1.788000 0.062586
1.792000 0.062537
1.796000 0.062432
1.800000 0.062396
1.804000 0.062360
1.808000 0.062304
1.812000 0.062378
1.816000 0.062412
1.820000 0.062586
1.824000 0.062792
1.828000 0.062963
1.832000 0.063014
1.836000 0.063058
1.840000 0.063118
1.844000 0.063256
1.848000 0.063411
1.852000 0.063428
1.856000 0.063383
1.860000 0.063379
1.864000 0.063403
1.868000 0.063453
1.872000 0.063486
1.876000 0.063485
1.880000 0.063437
1.884000 0.063354
1.888000 0.063446
1.892000 0.063518
1.896000 0.063512
1.900000 0.063476
1.904000 0.063417
1.908000 0.063575
1.912000 0.063778
1.916000 0.063856
1.920000 0.063808
1.924000 0.063706
1.928000 0.063645
1.932000 0.063736
1.936000 0.063832
1.940000 0.063979
1.944000 0.064136
1.948000 0.064244
1.952000 0.064218
1.956000 0.064107
1.960000 0.064071
1.964000 0.064138
1.968000 0.064320
1.972000 0.064478
1.976000 0.064510
1.980000 0.064432
1.984000 0.064350
1.988000 0.064460
1.992000 0.064582
1.996000 0.064609
2.000000 0.064727
2.004000 0.064919
2.008000 0.064973
2.012000 0.065045
2.016000 0.065189
2.020000 0.065446
2.024000 0.065733
2.028000 0.065834
2.032000 0.065876
2.036000 0.066031
2.040000 0.066170
2.044000 0.066238
2.048000 0.066286
2.052000 0.066311
2.056000 0.066327
2.060000 0.066505
2.064000 0.066639
2.068000 0.066704
2.072000 0.066844
2.076000 0.067011
2.080000 0.067075
2.084000 0.067163
2.088000 0.067150
2.092000 0.067224
2.096000 0.067396
2.100000 0.067498
2.104000 0.067562
2.108000 0.067631
2.112000 0.067806
2.116000 0.068083
2.120000 0.068359
2.124000 0.068512
2.128000 0.068619
2.132000 0.068719
2.136000 0.068659
2.140000 0.068736
2.144000 0.068782
2.148000 0.068918
2.152000 0.069053
2.156000 0.069177
2.160000 0.069314
2.164000 0.069409
2.168000 0.069555
2.172000 0.069646
2.176000 0.069838
2.180000 0.070053
2.184000 0.070260
2.188000 0.070518
2.192000 0.070714
2.196000 0.070639
2.200000 0.070466
2.204000 0.070498
2.208000 0.070655
2.212000 0.070756
2.216000 0.070936
2.220000 0.071189
2.224000 0.071461
2.228000 0.071567
2.232000 0.071599
2.236000 0.071658
2.240000 0.071685
2.244000 0.071583
2.248000 0.071687
2.252000 0.071707
2.256000 0.071689
2.260000 0.071600
2.264000 0.071551
2.268000 0.071540
2.272000 0.071551
2.276000 0.071496
2.280000 0.071419
2.284000 0.071348
2.288000 0.071257
2.292000 0.071260
2.296000 0.071268
2.300000 0.071336
2.304000 0.071269
2.308000 0.071275
2.312000 0.071427
2.316000 0.071622
2.320000 0.071867
2.324000 0.072061
2.328000 0.072019
2.332000 0.071947
2.336000 0.071805
2.340000 0.071786
2.344000 0.071868
2.348000 0.071887
2.352000 0.071883
2.356000 0.071999
2.360000 0.072081
2.364000 0.072066
2.368000 0.071997
2.372000 0.071977
2.376000 0.072069
2.380000 0.072075
2.384000 0.072001
2.388000 0.072070
2.392000 0.072258
2.396000 0.072437
2.400000 0.072536
2.404000 0.072462
2.408000 0.072577
2.412000 0.072735
2.416000 0.072759
2.420000 0.072820
2.424000 0.072812
2.428000 0.072856
2.432000 0.072943
2.436000 0.072911
2.440000 0.072864
2.444000 0.072799
2.448000 0.072823
2.452000 0.072821
2.456000 0.072787
2.460000 0.072591
2.464000 0.072506
2.468000 0.072570
2.472000 0.072555
2.476000 0.072458
2.480000 0.072574
2.484000 0.072738
2.488000 0.072909
2.492000 0.073028
2.496000 0.073031
2.500000 0.073090
2.504000 0.073062
2.508000 0.073007
2.512000 0.072990
2.516000 0.072896
2.520000 0.072990
2.524000 0.072993
2.528000 0.072965
2.532000 0.072959
2.536000 0.073014
2.540000 0.073191
2.544000 0.073347
2.548000 0.073478
2.552000 0.073441
2.556000 0.073368
2.560000 0.073453
2.564000 0.073505
2.568000 0.073518
2.572000 0.073617
2.576000 0.073697
2.580000 0.073718
2.584000 0.073799
2.588000 0.074002
2.592000 0.074347
2.596000 0.074659
2.600000 0.074863
2.604000 0.074900
2.608000 0.074794
2.612000 0.074738
2.616000 0.074640
2.620000 0.074635
2.624000 0.074776
2.628000 0.074972
2.632000 0.075110
2.636000 0.075188
2.640000 0.075316
2.644000 0.075444
2.648000 0.075452
2.652000 0.075449
2.656000 0.075494
2.660000 0.075448
2.664000 0.075488
2.668000 0.075490
2.672000 0.075521
2.676000 0.075534
2.680000 0.075443
2.684000 0.075392
2.688000 0.075480
2.692000 0.075457
2.696000 0.075440
2.700000 0.075487
2.704000 0.075397
2.708000 0.075250
2.712000 0.075132
2.716000 0.075036
2.720000 0.074922
2.724000 0.074898
2.728000 0.074931
2.732000 0.074884
2.736000 0.074885
2.740000 0.074950
2.744000 0.075030
2.748000 0.075159
2.752000 0.075157
2.756000 0.075174
2.760000 0.075177
2.764000 0.075136
2.768000 0.075053
2.772000 0.075008
2.776000 0.074968
2.780000 0.074959
2.784000 0.074956
2.788000 0.074842
2.792000 0.074777
2.796000 0.074806
2.800000 0.074981
2.804000 0.075130
2.808000 0.075257
2.812000 0.075416
2.816000 0.075443
2.820000 0.075311
2.824000 0.075174
2.828000 0.075106
2.832000 0.075139
2.836000 0.075242
2.840000 0.075380
2.844000 0.075539
2.848000 0.075572
2.852000 0.075551
2.856000 0.075471
2.860000 0.075499
2.864000 0.075654
2.868000 0.075777
2.872000 0.075901
2.876000 0.075925
2.880000 0.075962
2.884000 0.075987
2.888000 0.075946
2.892000 0.075967
2.896000 0.075978
2.900000 0.076009
2.904000 0.076107
2.908000 0.076147
2.912000 0.076178
2.916000 0.076110
2.920000 0.076097
2.924000 0.076206
2.928000 0.076308
2.932000 0.076401
2.936000 0.076313
2.940000 0.076144
2.944000 0.076120
2.948000 0.076175
2.952000 0.076222
2.956000 0.076333
2.960000 0.076427
2.964000 0.076537
2.968000 0.076592
2.972000 0.076614
2.976000 0.076736
2.980000 0.076777
2.984000 0.076743
2.988000 0.076819
2.992000 0.076951
2.996000 0.077036
3.000000 0.077018
3.004000 0.077064
3.008000 0.077125
3.012000 0.077153
3.016000 0.077164
3.020000 0.077217
3.024000 0.077235
3.028000 0.077234
3.032000 0.077277
3.036000 0.077303
3.040000 0.077293
3.044000 0.077352
3.048000 0.077432
3.052000 0.077432
3.056000 0.077414
3.060000 0.077371
3.064000 0.077389
3.068000 0.077403
3.072000 0.077416
3.076000 0.077460
3.080000 0.077392
3.084000 0.077469
3.088000 0.077565
3.092000 0.077711
3.096000 0.077869
3.100000 0.078032
3.104000 0.078176
3.108000 0.078329
3.112000 0.078387
3.116000 0.078452
3.120000 0.078501
3.124000 0.078443
3.128000 0.078456
3.132000 0.078415
3.136000 0.078454
3.140000 0.078555
3.144000 0.078593
3.148000 0.078585
3.152000 0.078498
3.156000 0.078340
3.160000 0.078231
3.164000 0.078220
3.168000 0.078281
3.172000 0.078394
3.176000 0.078554
3.180000 0.078588
3.184000 0.078613
3.188000 0.078654
3.192000 0.078658
3.196000 0.078646
3.200000 0.078715
3.204000 0.078767
3.208000 0.078882
3.212000 0.078904
3.216000 0.078810
3.220000 0.078836
3.224000 0.078854
3.228000 0.078871
3.232000 0.078977
3.236000 0.079020
3.240000 0.079046
3.244000 0.079087
3.248000 0.079155
3.252000 0.079099
3.256000 0.079081
3.260000 0.079154
3.264000 0.079241
3.268000 0.079336
3.272000 0.079376
3.276000 0.079409
3.280000 0.079452
3.284000 0.079449
3.288000 0.079475
3.292000 0.079396
3.296000 0.079377
3.300000 0.079420
3.304000 0.079399
3.308000 0.079351
3.312000 0.079359
3.316000 0.079403
3.320000 0.079405
3.324000 0.079527
3.328000 0.079642
3.332000 0.079703
3.336000 0.079844
3.340000 0.079877
3.344000 0.079858
3.348000 0.079828
3.352000 0.079787
3.356000 0.079723
3.360000 0.079725
3.364000 0.079786
3.368000 0.079800
3.372000 0.079762
3.376000 0.079700
3.380000 0.079703
3.384000 0.079715
3.388000 0.079671
3.392000 0.079679
3.396000 0.079758
3.400000 0.079868
3.404000 0.079994
3.408000 0.080124
3.412000 0.080175
3.416000 0.080142
3.420000 0.080099
3.424000 0.080116
3.428000 0.080185
3.432000 0.080241
3.436000 0.080155
3.440000 0.080082
3.444000 0.080100
3.448000 0.080093
3.452000 0.080173
3.456000 0.080208
3.460000 0.080231
3.464000 0.080199
3.468000 0.080245
3.472000 0.080292
3.476000 0.080370
3.480000 0.080495
3.484000 0.080561
3.488000 0.080715
3.492000 0.080792
3.496000 0.080835
3.500000 0.080919
3.504000 0.080899
3.508000 0.080742
3.512000 0.080766
3.516000 0.080900
3.520000 0.081031
3.524000 0.081119
3.528000 0.081247
3.532000 0.081291
3.536000 0.081282
3.540000 0.081378
3.544000 0.081475
3.548000 0.081504
3.552000 0.081438
3.556000 0.081416
3.560000 0.081429
3.564000 0.081464
3.568000 0.081489
3.572000 0.081548
3.576000 0.081609
3.580000 0.081758
3.584000 0.081810
3.588000 0.081784
3.592000 0.081588
3.596000 0.081467
3.600000 0.081472
3.604000 0.081585
3.608000 0.081781
3.612000 0.081931
3.616000 0.082019
3.620000 0.082089
3.624000 0.082177
3.628000 0.082061
3.632000 0.082108
3.636000 0.082134
3.640000 0.082101
3.644000 0.082173
3.648000 0.082274
3.652000 0.082289
3.656000 0.082345
3.660000 0.082468
3.664000 0.082697
3.668000 0.082760
3.672000 0.082757
3.676000 0.082811
3.680000 0.082827
3.684000 0.082919
3.688000 0.082883
3.692000 0.082883
3.696000 0.082902
3.700000 0.082987
3.704000 0.083039
3.708000 0.083075
3.712000 0.083089
3.716000 0.083151
3.720000 0.083208
3.724000 0.083255
3.728000 0.083267
3.732000 0.083321
3.736000 0.083341
3.740000 0.083336
3.744000 0.083355
3.748000 0.083406
3.752000 0.083431
3.756000 0.083488
3.760000 0.083578
3.764000 0.083627
3.768000 0.083612
3.772000 0.083516
3.776000 0.083471
3.780000 0.083486
3.784000 0.083557
3.788000 0.083620
3.792000 0.083712
3.796000 0.083829
3.800000 0.083957
3.804000 0.084014
3.808000 0.084008
3.812000 0.083962
3.816000 0.083966
3.820000 0.083934
3.824000 0.083883
3.828000 0.083813
3.832000 0.083774
3.836000 0.083748
3.840000 0.083676
3.844000 0.083632
3.848000 0.083597
3.852000 0.083662
3.856000 0.083819
3.860000 0.083881
3.864000 0.083884
3.868000 0.083865
3.872000 0.083889
3.876000 0.083742
3.880000 0.083585
3.884000 0.083472
3.888000 0.083467
3.892000 0.083525
3.896000 0.083517
3.900000 0.083494
3.904000 0.083490
3.908000 0.083506
3.912000 0.083552
3.916000 0.083596
3.920000 0.083748
3.924000 0.083880
3.928000 0.083938
3.932000 0.084012
3.936000 0.084040
3.940000 0.084068
3.944000 0.084028
3.948000 0.083953
3.952000 0.083999
3.956000 0.084094
3.960000 0.084177
3.964000 0.084132
3.968000 0.084034
3.972000 0.083964
3.976000 0.083919
3.980000 0.083851
3.984000 0.083782
3.988000 0.083762
3.992000 0.083877
3.996000 0.084053
4.000000 0.084215
4.004000 0.084285
4.008000 0.084301
4.012000 0.084349
4.016000 0.084469
4.020000 0.084506
4.024000 0.084480
4.028000 0.084428
4.032000 0.084437
4.036000 0.084475
4.040000 0.084624
4.044000 0.084641
4.048000 0.084624
4.052000 0.084675
4.056000 0.084768
4.060000 0.084716
4.064000 0.084619
4.068000 0.084582
4.072000 0.084642
4.076000 0.084729
4.080000 0.084841
4.084000 0.084973
4.088000 0.085012
4.092000 0.085021
4.096000 0.085028
4.100000 0.085014
4.104000 0.085049
4.108000 0.085080
4.112000 0.085108
4.116000 0.085154
4.120000 0.085094
4.124000 0.084993
4.128000 0.084963
4.132000 0.084950
4.136000 0.084970
4.140000 0.085007
4.144000 0.085138
4.148000 0.085202
4.152000 0.085112
4.156000 0.085075
4.160000 0.085059
4.164000 0.085016
4.168000 0.084957
4.172000 0.084954
4.176000 0.084975
4.180000 0.085022
4.184000 0.085031
4.188000 0.085115
4.192000 0.085288
4.196000 0.085254
4.200000 0.085178
4.204000 0.085174
4.208000 0.085156
4.212000 0.085220
4.216000 0.085271
4.220000 0.085322
4.224000 0.085386
4.228000 0.085397
4.232000 0.085308
4.236000 0.085299
4.240000 0.085353
4.244000 0.085340
4.248000 0.085442
4.252000 0.085593
4.256000 0.085671
4.260000 0.085721
4.264000 0.085794
4.268000 0.085798
4.272000 0.085704
4.276000 0.085547
4.280000 0.085372
4.284000 0.085237
4.288000 0.085201
4.292000 0.085197
4.296000 0.085158
4.300000 0.085225
4.304000 0.085337
4.308000 0.085389
4.312000 0.085375
4.316000 0.085316
4.320000 0.085253
4.324000 0.085202
4.328000 0.085207
4.332000 0.085296
4.336000 0.085401
4.340000 0.085445
4.344000 0.085483
4.348000 0.085561
4.352000 0.085712
4.356000 0.085868
4.360000 0.085973
4.364000 0.086002
4.368000 0.085887
4.372000 0.085859
4.376000 0.085843
4.380000 0.085777
4.384000 0.085693
4.388000 0.085587
4.392000 0.085442
4.396000 0.085350
4.400000 0.085344
4.404000 0.085414
4.408000 0.085466
4.412000 0.085511
4.416000 0.085483
4.420000 0.085371
4.424000 0.085230
4.428000 0.085116
4.432000 0.085118
4.436000 0.085167
4.440000 0.085191
4.444000 0.085216
4.448000 0.085217
4.452000 0.085246
4.456000 0.085333
4.460000 0.085355
4.464000 0.085428
4.468000 0.085432
4.472000 0.085361
4.476000 0.085317
4.480000 0.085341
4.484000 0.085381
4.488000 0.085453
4.492000 0.085510
4.496000 0.085569
4.500000 0.085605
4.504000 0.085617
4.508000 0.085611
4.512000 0.085603
4.516000 0.085658
4.520000 0.085681
4.524000 0.085608
4.528000 0.085541
4.532000 0.085530
4.536000 0.085589
4.540000 0.085721
4.544000 0.085849
4.548000 0.085937
4.552000 0.085915
4.556000 0.085931
4.560000 0.085988
4.564000 0.086086
4.568000 0.086179
4.572000 0.086342
4.576000 0.086506
4.580000 0.086641
4.584000 0.086715
4.588000 0.086729
4.592000 0.086699
4.596000 0.086629
4.600000 0.086667
4.604000 0.086743
4.608000 0.086834
4.612000 0.086848
4.616000 0.086830
4.620000 0.086781
4.624000 0.086759
4.628000 0.086749
4.632000 0.086781
4.636000 0.086868
4.640000 0.086904
4.644000 0.087016
4.648000 0.087083
4.652000 0.087138
4.656000 0.087292
4.660000 0.087376
4.664000 0.087370
4.668000 0.087369
4.672000 0.087462
4.676000 0.087575
4.680000 0.087560
4.684000 0.087524
4.688000 0.087493
4.692000 0.087470
4.696000 0.087462
4.700000 0.087419
4.704000 0.087413
4.708000 0.087410
4.712000 0.087433
4.716000 0.087390
4.720000 0.087384
4.724000 0.087403
4.728000 0.087428
4.732000 0.087411
4.736000 0.087321
4.740000 0.087238
4.744000 0.087189
4.748000 0.087215
4.752000 0.087270
4.756000 0.087266
4.760000 0.087216
4.764000 0.087127
4.768000 0.087213
4.772000 0.087278
4.776000 0.087246
4.780000 0.087324
4.784000 0.087395
4.788000 0.087456
4.792000 0.087504
4.796000 0.087614
4.800000 0.087778
4.804000 0.087818
4.808000 0.087834
4.812000 0.087830
4.816000 0.087647
4.820000 0.087469
4.824000 0.087508
4.828000 0.087565
4.832000 0.087626
4.836000 0.087670
4.840000 0.087756
4.844000 0.087769
4.848000 0.087709
4.852000 0.087765
4.856000 0.087853
4.860000 0.087896
4.864000 0.087957
4.868000 0.088051
4.872000 0.088123
4.876000 0.088050
4.880000 0.087909
4.884000 0.087849
4.888000 0.087816
4.892000 0.087745
4.896000 0.087781
4.900000 0.087955
4.904000 0.088033
4.908000 0.087981
4.912000 0.087995
4.916000 0.087950
4.920000 0.087901
4.924000 0.087899
4.928000 0.087902
4.932000 0.087953
4.936000 0.087996
4.940000 0.087948
4.944000 0.087959
4.948000 0.087935
4.952000 0.087850
4.956000 0.087759
4.960000 0.087646
4.964000 0.087555
4.968000 0.087568
4.972000 0.087538
4.976000 0.087486
4.980000 0.087441
4.984000 0.087357
4.988000 0.087424
4.992000 0.087521
4.996000 0.087626
