0.012000 0.001577
0.016000 0.002069
0.020000 0.002549
0.024000 0.003023
0.028000 0.003442
0.032000 0.003865
0.036000 0.004342
0.040000 0.004859
0.044000 0.005380
0.048000 0.005865
0.052000 0.006246
0.056000 0.006616
0.060000 0.006997
0.064000 0.007470
0.068000 0.007964
0.072000 0.008443
0.076000 0.008931
0.080000 0.009407
0.084000 0.009873
0.088000 0.010272
0.092000 0.010642
0.096000 0.011057
0.100000 0.011459
0.104000 0.011812
0.108000 0.012137
0.112000 0.012451
0.116000 0.012780
0.120000 0.013177
0.124000 0.013550
0.128000 0.013951
0.132000 0.014409
0.136000 0.014834
0.140000 0.015196
0.144000 0.015574
0.148000 0.015983
0.152000 0.016333
0.156000 0.016672
0.160000 0.017104
0.164000 0.017571
0.168000 0.017965
0.172000 0.018392
0.176000 0.018816
0.180000 0.019197
0.184000 0.019582
0.188000 0.019986
0.192000 0.020431
0.196000 0.020902
0.200000 0.021344
0.204000 0.021664
0.208000 0.021950
0.212000 0.022328
0.216000 0.022707
0.220000 0.023006
0.224000 0.023262
0.228000 0.023540
0.232000 0.023935
0.236000 0.024263
0.240000 0.024684
0.244000 0.025008
0.248000 0.025283
0.252000 0.025639
0.256000 0.026148
0.260000 0.026523
0.264000 0.026774
0.268000 0.027030
0.272000 0.027378
0.276000 0.027852
0.280000 0.028341
0.284000 0.028575
0.288000 0.028791
0.292000 0.029254
0.296000 0.029728
0.300000 0.030137
0.304000 0.030432
0.308000 0.030711
0.312000 0.030977
0.316000 0.031291
0.320000 0.031728
0.324000 0.032176
0.328000 0.032629
0.332000 0.033317
0.336000 0.033627
0.340000 0.033748
0.344000 0.034092
0.348000 0.034430
0.352000 0.034844
0.356000 0.035313
0.360000 0.035668
0.364000 0.036010
0.368000 0.036487
0.372000 0.036972
0.376000 0.037532
0.380000 0.038046
0.384000 0.038633
0.388000 0.039265
0.392000 0.039667
0.396000 0.040046
0.400000 0.040429
0.404000 0.040756
0.408000 0.041196
0.412000 0.041685
0.416000 0.042076
0.420000 0.042505
0.424000 0.042825
0.428000 0.043065
0.432000 0.043470
0.436000 0.043870
0.440000 0.044219
0.444000 0.044597
0.448000 0.044922
0.452000 0.045115
0.456000 0.045385
0.460000 0.045582
0.464000 0.045912
0.468000 0.046261
0.472000 0.046730
0.476000 0.047189
0.480000 0.047660
0.484000 0.048081
0.488000 0.048414
0.492000 0.048556
0.496000 0.048703
0.500000 0.048990
0.504000 0.049416
0.508000 0.049881
0.512000 0.050410
0.516000 0.050909
0.520000 0.051349
0.524000 0.051822
0.528000 0.052247
0.532000 0.052457
0.536000 0.052636
0.540000 0.052951
0.544000 0.053368
0.548000 0.053797
0.552000 0.054311
0.556000 0.054637
0.560000 0.054987
0.564000 0.055332
0.568000 0.055629
0.572000 0.055839
0.576000 0.056067
0.580000 0.056189
0.584000 0.056514
0.588000 0.056859
0.592000 0.057005
0.596000 0.057037
0.600000 0.057287
0.604000 0.057584
0.608000 0.057995
0.612000 0.058370
0.616000 0.058554
0.620000 0.058817
0.624000 0.059092
0.628000 0.059167
0.632000 0.059327
0.636000 0.059654
0.640000 0.060026
0.644000 0.060422
0.648000 0.060721
0.652000 0.060826
0.656000 0.060774
0.660000 0.060767
0.664000 0.060975
0.668000 0.061380
0.672000 0.061830
0.676000 0.062135
0.680000 0.062474
0.684000 0.062766
0.688000 0.063113
0.692000 0.063606
0.696000 0.064189
0.700000 0.064640
0.704000 0.065039
0.708000 0.065394
0.712000 0.065635
0.716000 0.065913
0.720000 0.066304
0.724000 0.066774
0.728000 0.067217
0.732000 0.067394
0.736000 0.067624
0.740000 0.068029
0.744000 0.068439
0.748000 0.068586
0.752000 0.068833
0.756000 0.069137
0.760000 0.069363
0.764000 0.069604
0.768000 0.069940
0.772000 0.070148
0.776000 0.070461
0.780000 0.070924
0.784000 0.071043
0.788000 0.070974
0.792000 0.071021
0.796000 0.071136
0.800000 0.071311
0.804000 0.071520
0.808000 0.071767
0.812000 0.071820
0.816000 0.071997
0.820000 0.072230
0.824000 0.072428
0.828000 0.072697
0.832000 0.072807
0.836000 0.073015
0.840000 0.073251
0.844000 0.073495
0.848000 0.073988
0.852000 0.074607
0.856000 0.074877
0.860000 0.075061
0.864000 0.075394
0.868000 0.075853
0.872000 0.076248
0.876000 0.076442
0.880000 0.076725
0.884000 0.077180
0.888000 0.077394
0.892000 0.077547
0.896000 0.077848
0.900000 0.078408
0.904000 0.078710
0.908000 0.078841
0.912000 0.078929
0.916000 0.079266
0.920000 0.079833
0.924000 0.080445
0.928000 0.080716
0.932000 0.080848
0.936000 0.080741
0.940000 0.080913
0.944000 0.081275
0.948000 0.081580
0.952000 0.081863
0.956000 0.082121
0.960000 0.082152
0.964000 0.082361
0.968000 0.082663
0.972000 0.083034
0.976000 0.083195
0.980000 0.083376
0.984000 0.083844
0.988000 0.084356
0.992000 0.084563
0.996000 0.084659
1.000000 0.084695
1.004000 0.084747
1.008000 0.084905
1.012000 0.085015
1.016000 0.085161
1.020000 0.085287
1.024000 0.085390
1.028000 0.085457
1.032000 0.085830
1.036000 0.086443
1.040000 0.086887
1.044000 0.087186
1.048000 0.087530
1.052000 0.087718
1.056000 0.087611
1.060000 0.087761
1.064000 0.087946
1.068000 0.088100
1.072000 0.088372
1.076000 0.088797
1.080000 0.089251
1.084000 0.089649
1.088000 0.089945
1.092000 0.090408
1.096000 0.091015
1.100000 0.091428
1.104000 0.091636
1.108000 0.091732
1.112000 0.092059
1.116000 0.092529
1.120000 0.092812
1.124000 0.092906
1.128000 0.092973
1.132000 0.093073
1.136000 0.093246
1.140000 0.093700
1.144000 0.094292
1.148000 0.094746
1.152000 0.095168
1.156000 0.095481
1.160000 0.095596
1.164000 0.095469
1.168000 0.095582
1.172000 0.095938
1.176000 0.096353
1.180000 0.096751
1.184000 0.096975
1.188000 0.097167
1.192000 0.097297
1.196000 0.097604
1.200000 0.098092
1.204000 0.098411
1.208000 0.098650
1.212000 0.098763
1.216000 0.098842
1.220000 0.098922
1.224000 0.099219
1.228000 0.099650
1.232000 0.099983
1.236000 0.100118
1.240000 0.099961
1.244000 0.100069
1.248000 0.100121
1.252000 0.100180
1.256000 0.100613
1.260000 0.101088
1.264000 0.101298
1.268000 0.101244
1.272000 0.101123
1.276000 0.101167
1.280000 0.101406
1.284000 0.101609
1.288000 0.101905
1.292000 0.102331
1.296000 0.102650
1.300000 0.102959
1.304000 0.103368
1.308000 0.103633
1.312000 0.103629
1.316000 0.103599
1.320000 0.103632
1.324000 0.103793
1.328000 0.103962
1.332000 0.104131
1.336000 0.104541
1.340000 0.105152
1.344000 0.105624
1.348000 0.105721
1.352000 0.105697
1.356000 0.105785
1.360000 0.105776
1.364000 0.105585
1.368000 0.105731
1.372000 0.106059
1.376000 0.106177
1.380000 0.106116
1.384000 0.106127
1.388000 0.106143
1.392000 0.106239
1.396000 0.106374
1.400000 0.106539
1.404000 0.106764
1.408000 0.107147
1.412000 0.107224
1.416000 0.107324
1.420000 0.107378
1.424000 0.107516
1.428000 0.107542
1.432000 0.107527
1.436000 0.107286
1.440000 0.107266
1.444000 0.107297
1.448000 0.107250
1.452000 0.107333
1.456000 0.107723
1.460000 0.108038
1.464000 0.108241
1.468000 0.108321
1.472000 0.108524
1.476000 0.108778
1.480000 0.109284
1.484000 0.109613
1.488000 0.109761
1.492000 0.109990
1.496000 0.110487
1.500000 0.111065
1.504000 0.111474
1.508000 0.111742
1.512000 0.111979
1.516000 0.112039
1.520000 0.112034
1.524000 0.112197
1.528000 0.112350
1.532000 0.112543
1.536000 0.113043
1.540000 0.113412
1.544000 0.113747
1.548000 0.113888
1.552000 0.113897
1.556000 0.114006
1.560000 0.113926
1.564000 0.114157
1.568000 0.114661
1.572000 0.115085
1.576000 0.115502
1.580000 0.115839
1.584000 0.116087
1.588000 0.116453
1.592000 0.116666
1.596000 0.116758
1.600000 0.116879
1.604000 0.116854
1.608000 0.116708
1.612000 0.116653
1.616000 0.116751
1.620000 0.116944
1.624000 0.117127
1.628000 0.117212
1.632000 0.117377
1.636000 0.117542
1.640000 0.117755
1.644000 0.117829
1.648000 0.117880
1.652000 0.118275
1.656000 0.118666
1.660000 0.118729
1.664000 0.118697
1.668000 0.118784
1.672000 0.119079
1.676000 0.119423
1.680000 0.119873
1.684000 0.120295
1.688000 0.120526
1.692000 0.120662
1.696000 0.120783
1.700000 0.120951
1.704000 0.121019
1.708000 0.121079
1.712000 0.121231
1.716000 0.121332
1.720000 0.121542
1.724000 0.121658
1.728000 0.121721
1.732000 0.121964
1.736000 0.122524
1.740000 0.122961
1.744000 0.123023
1.748000 0.123003
1.752000 0.123254
1.756000 0.123614
1.760000 0.124136
1.764000 0.124304
1.768000 0.124359
1.772000 0.124384
1.776000 0.124589
1.780000 0.124915
1.784000 0.125171
1.788000 0.125299
1.792000 0.125434
1.796000 0.125518
1.800000 0.125433
1.804000 0.125278
1.808000 0.125210
1.812000 0.125146
1.816000 0.125395
1.820000 0.125543
1.824000 0.125526
1.828000 0.125719
1.832000 0.125990
1.836000 0.126364
1.840000 0.126960
1.844000 0.127253
1.848000 0.127584
1.852000 0.128032
1.856000 0.128392
1.860000 0.128486
1.864000 0.128631
1.868000 0.128764
1.872000 0.128845
1.876000 0.128877
1.880000 0.128776
1.884000 0.128609
1.888000 0.128533
1.892000 0.128553
1.896000 0.128704
1.900000 0.129087
1.904000 0.129164
1.908000 0.129132
1.912000 0.129175
1.916000 0.128969
1.920000 0.128904
1.924000 0.129111
1.928000 0.129354
1.932000 0.129488
1.936000 0.129824
1.940000 0.129877
1.944000 0.129764
1.948000 0.129936
1.952000 0.130244
1.956000 0.130441
1.960000 0.130723
1.964000 0.131130
1.968000 0.131333
1.972000 0.131228
1.976000 0.131134
1.980000 0.131218
1.984000 0.131337
1.988000 0.131437
1.992000 0.131367
1.996000 0.131161
2.000000 0.130912
2.004000 0.130751
2.008000 0.130747
2.012000 0.131004
2.016000 0.131295
2.020000 0.131436
2.024000 0.131444
2.028000 0.131358
2.032000 0.131081
2.036000 0.131352
2.040000 0.131716
2.044000 0.131811
2.048000 0.132070
2.052000 0.132211
2.056000 0.132302
2.060000 0.132396
2.064000 0.132422
2.068000 0.132415
2.072000 0.132468
2.076000 0.132472
2.080000 0.132392
2.084000 0.132704
2.088000 0.133058
2.092000 0.133324
2.096000 0.133511
2.100000 0.133692
2.104000 0.133740
2.108000 0.133940
2.112000 0.134133
2.116000 0.134258
2.120000 0.134389
2.124000 0.134296
2.128000 0.134219
2.132000 0.134266
2.136000 0.134499
2.140000 0.134873
2.144000 0.135095
2.148000 0.135287
2.152000 0.135381
2.156000 0.135382
2.160000 0.135495
2.164000 0.135696
2.168000 0.135654
2.172000 0.135486
2.176000 0.135429
2.180000 0.135514
2.184000 0.135691
2.188000 0.135770
2.192000 0.135873
2.196000 0.135982
2.200000 0.136118
2.204000 0.136450
2.208000 0.136707
2.212000 0.136801
2.216000 0.137071
2.220000 0.137149
2.224000 0.137017
2.228000 0.137012
2.232000 0.137259
2.236000 0.137612
2.240000 0.137750
2.244000 0.137925
2.248000 0.138154
2.252000 0.138272
2.256000 0.138304
2.260000 0.138315
2.264000 0.138492
2.268000 0.138756
2.272000 0.138995
2.276000 0.139174
2.280000 0.139306
2.284000 0.139407
2.288000 0.139447
2.292000 0.139472
2.296000 0.139640
2.300000 0.139979
2.304000 0.140202
2.308000 0.140170
2.312000 0.140171
2.316000 0.140284
2.320000 0.140330
2.324000 0.140272
2.328000 0.140378
2.332000 0.140747
2.336000 0.140925
2.340000 0.140904
2.344000 0.140721
2.348000 0.140563
2.352000 0.140384
2.356000 0.140291
2.360000 0.140331
2.364000 0.140521
2.368000 0.140742
2.372000 0.140972
2.376000 0.141228
2.380000 0.141432
2.384000 0.141922
2.388000 0.142463
2.392000 0.142867
2.396000 0.143033
2.400000 0.143050
2.404000 0.142963
2.408000 0.142983
2.412000 0.143079
2.416000 0.143288
2.420000 0.143404
2.424000 0.143414
2.428000 0.143433
2.432000 0.143590
2.436000 0.143814
2.440000 0.143962
2.444000 0.144226
2.448000 0.144646
2.452000 0.144977
2.456000 0.145006
2.460000 0.145182
2.464000 0.145366
2.468000 0.145415
2.472000 0.145461
2.476000 0.145428
2.480000 0.145458
2.484000 0.145355
2.488000 0.145206
2.492000 0.145167
2.496000 0.145168
2.500000 0.145131
2.504000 0.145099
2.508000 0.145179
2.512000 0.145274
2.516000 0.145367
2.520000 0.145545
2.524000 0.145816
2.528000 0.145995
2.532000 0.146179
2.536000 0.146310
2.540000 0.146487
2.544000 0.146665
2.548000 0.146733
2.552000 0.146741
2.556000 0.146556
2.560000 0.146443
2.564000 0.146415
2.568000 0.146419
2.572000 0.146470
2.576000 0.146502
2.580000 0.146596
2.584000 0.146732
2.588000 0.146919
2.592000 0.147137
2.596000 0.147342
2.600000 0.147565
2.604000 0.147980
2.608000 0.148187
2.612000 0.148107
2.616000 0.148135
2.620000 0.148107
2.624000 0.148083
2.628000 0.147948
2.632000 0.148074
2.636000 0.148135
2.640000 0.148242
2.644000 0.148397
2.648000 0.148491
2.652000 0.148388
2.656000 0.148168
2.660000 0.148121
2.664000 0.148174
2.668000 0.148246
2.672000 0.148386
2.676000 0.148550
2.680000 0.148439
2.684000 0.148339
2.688000 0.148335
2.692000 0.148417
2.696000 0.148689
2.700000 0.148934
2.704000 0.149197
2.708000 0.149543
2.712000 0.149876
2.716000 0.149856
2.720000 0.149902
2.724000 0.149780
2.728000 0.149552
2.732000 0.149491
2.736000 0.149631
2.740000 0.150042
2.744000 0.150244
2.748000 0.150656
2.752000 0.150951
2.756000 0.151217
2.760000 0.151521
2.764000 0.151713
2.768000 0.151757
2.772000 0.152197
2.776000 0.152671
2.780000 0.152767
2.784000 0.152721
2.788000 0.152702
2.792000 0.152650
2.796000 0.152566
2.800000 0.152609
2.804000 0.152783
2.808000 0.152939
2.812000 0.153016
2.816000 0.153100
2.820000 0.153198
2.824000 0.153355
2.828000 0.153562
2.832000 0.153827
2.836000 0.154023
2.840000 0.154243
2.844000 0.154534
2.848000 0.154648
2.852000 0.154593
2.856000 0.154744
2.860000 0.154715
2.864000 0.154654
2.868000 0.154716
2.872000 0.154842
2.876000 0.155133
2.880000 0.155434
2.884000 0.155416
2.888000 0.155331
2.892000 0.155176
2.896000 0.155091
2.900000 0.154997
2.904000 0.154877
2.908000 0.154760
2.912000 0.154622
2.916000 0.154590
2.920000 0.154598
2.924000 0.154618
2.928000 0.154844
2.932000 0.155108
2.936000 0.155301
2.940000 0.155441
2.944000 0.155447
2.948000 0.155487
2.952000 0.155418
2.956000 0.155518
2.960000 0.155894
2.964000 0.156203
2.968000 0.156364
2.972000 0.156378
2.976000 0.156406
2.980000 0.156589
2.984000 0.156663
2.988000 0.156622
2.992000 0.156392
2.996000 0.156277
3.000000 0.156135
3.004000 0.156004
3.008000 0.155897
3.012000 0.155762
3.016000 0.155628
3.020000 0.155712
3.024000 0.155830
3.028000 0.155786
3.032000 0.155662
3.036000 0.155701
3.040000 0.155719
3.044000 0.155756
3.048000 0.155868
3.052000 0.155989
3.056000 0.156030
3.060000 0.156175
3.064000 0.156178
3.068000 0.156260
3.072000 0.156282
3.076000 0.156181
3.080000 0.156265
3.084000 0.156160
3.088000 0.156045
3.092000 0.156154
3.096000 0.156336
3.100000 0.156482
3.104000 0.156615
3.108000 0.156619
3.112000 0.156443
3.116000 0.156483
3.120000 0.156628
3.124000 0.156539
3.128000 0.156320
3.132000 0.156026
3.136000 0.155772
3.140000 0.155695
3.144000 0.155706
3.148000 0.155766
3.152000 0.155850
3.156000 0.156000
3.160000 0.156053
3.164000 0.156117
3.168000 0.156183
3.172000 0.156473
3.176000 0.156730
3.180000 0.156751
3.184000 0.156769
3.188000 0.156872
3.192000 0.156927
3.196000 0.156875
3.200000 0.156647
3.204000 0.156275
3.208000 0.155996
3.212000 0.155740
3.216000 0.155449
3.220000 0.155362
3.224000 0.155265
3.228000 0.155190
3.232000 0.155188
3.236000 0.155337
3.240000 0.155268
3.244000 0.155205
3.248000 0.155227
3.252000 0.155331
3.256000 0.155498
3.260000 0.155673
3.264000 0.155712
3.268000 0.155603
3.272000 0.155596
3.276000 0.155578
3.280000 0.155474
3.284000 0.155488
3.288000 0.155528
3.292000 0.155594
3.296000 0.155716
3.300000 0.155876
3.304000 0.156030
3.308000 0.156150
3.312000 0.156133
3.316000 0.155882
3.320000 0.155515
3.324000 0.155171
3.328000 0.155084
3.332000 0.155069
3.336000 0.155162
3.340000 0.155202
3.344000 0.155313
3.348000 0.155493
3.352000 0.155658
3.356000 0.155769
3.360000 0.155752
3.364000 0.155674
3.368000 0.155797
3.372000 0.156078
3.376000 0.156306
3.380000 0.156493
3.384000 0.156695
3.388000 0.156767
3.392000 0.156731
3.396000 0.156698
3.400000 0.156649
3.404000 0.156638
3.408000 0.156648
3.412000 0.156606
3.416000 0.156623
3.420000 0.156676
3.424000 0.156714
3.428000 0.156745
3.432000 0.156813
3.436000 0.157001
3.440000 0.157234
3.444000 0.157439
3.448000 0.157587
3.452000 0.157563
3.456000 0.157771
3.460000 0.157957
3.464000 0.158134
3.468000 0.158220
3.472000 0.158358
3.476000 0.158543
3.480000 0.158588
3.484000 0.158618
3.488000 0.158772
3.492000 0.159189
3.496000 0.159507
3.500000 0.159682
3.504000 0.159879
3.508000 0.160105
3.512000 0.160232
3.516000 0.160313
3.520000 0.160425
3.524000 0.160488
3.528000 0.160397
3.532000 0.160305
3.536000 0.160376
3.540000 0.160435
3.544000 0.160249
3.548000 0.160000
3.552000 0.159985
3.556000 0.160093
3.560000 0.160114
3.564000 0.160107
3.568000 0.160384
3.572000 0.160687
3.576000 0.160787
3.580000 0.160807
3.584000 0.160698
3.588000 0.160606
3.592000 0.160729
3.596000 0.160927
3.600000 0.160925
3.604000 0.160817
3.608000 0.160683
3.612000 0.160762
3.616000 0.160908
3.620000 0.160953
3.624000 0.160976
3.628000 0.161223
3.632000 0.161390
3.636000 0.161391
3.640000 0.161342
3.644000 0.161361
3.648000 0.161369
3.652000 0.161392
3.656000 0.161443
3.660000 0.161306
3.664000 0.161250
3.668000 0.161353
3.672000 0.161567
3.676000 0.161718
3.680000 0.161845
3.684000 0.161816
3.688000 0.161738
3.692000 0.161709
3.696000 0.161748
3.700000 0.161967
3.704000 0.161953
3.708000 0.161967
3.712000 0.162009
3.716000 0.162016
3.720000 0.162180
3.724000 0.162382
3.728000 0.162446
3.732000 0.162575
3.736000 0.162566
3.740000 0.162677
3.744000 0.162771
3.748000 0.162743
3.752000 0.162799
3.756000 0.162963
3.760000 0.163073
3.764000 0.162919
3.768000 0.162800
3.772000 0.162807
3.776000 0.162965
3.780000 0.163170
3.784000 0.163336
3.788000 0.163208
3.792000 0.162967
3.796000 0.162963
3.800000 0.162963
3.804000 0.162930
3.808000 0.162857
3.812000 0.162766
3.816000 0.162705
3.820000 0.162757
3.824000 0.162831
3.828000 0.163012
3.832000 0.163219
3.836000 0.163254
3.840000 0.163209
3.844000 0.163142
3.848000 0.163010
3.852000 0.163034
3.856000 0.162995
3.860000 0.162984
3.864000 0.163057
3.868000 0.163005
3.872000 0.163057
3.876000 0.163019
3.880000 0.163027
3.884000 0.163094
3.888000 0.163051
3.892000 0.163143
3.896000 0.163292
3.900000 0.163457
3.904000 0.163467
3.908000 0.163520
3.912000 0.163586
3.916000 0.163701
3.920000 0.163949
3.924000 0.164220
3.928000 0.164438
3.932000 0.164568
3.936000 0.164605
3.940000 0.164529
3.944000 0.164446
3.948000 0.164461
3.952000 0.164439
3.956000 0.164458
3.960000 0.164503
3.964000 0.164429
3.968000 0.164477
3.972000 0.164687
3.976000 0.164770
3.980000 0.164949
3.984000 0.164966
3.988000 0.164766
3.992000 0.164593
3.996000 0.164478
4.000000 0.164456
4.004000 0.164435
4.008000 0.164351
4.012000 0.164261
4.016000 0.164271
4.020000 0.164349
4.024000 0.164397
4.028000 0.164347
4.032000 0.164443
4.036000 0.164565
4.040000 0.164540
4.044000 0.164401
4.048000 0.164415
4.052000 0.164244
4.056000 0.164020
4.060000 0.163917
4.064000 0.163796
4.068000 0.163727
4.072000 0.163852
4.076000 0.163997
4.080000 0.164098
4.084000 0.164089
4.088000 0.164062
4.092000 0.164049
4.096000 0.164212
4.100000 0.164355
4.104000 0.164500
4.108000 0.164594
4.112000 0.164561
4.116000 0.164542
4.120000 0.164500
4.124000 0.164471
4.128000 0.164401
4.132000 0.164444
4.136000 0.164702
4.140000 0.164923
4.144000 0.165174
4.148000 0.165391
4.152000 0.165589
4.156000 0.165824
4.160000 0.165923
4.164000 0.165931
4.168000 0.165959
4.172000 0.166037
4.176000 0.166112
4.180000 0.166226
4.184000 0.166454
4.188000 0.166640
4.192000 0.166918
4.196000 0.167239
4.200000 0.167398
4.204000 0.167490
4.208000 0.167555
4.212000 0.167583
4.216000 0.167614
4.220000 0.167537
4.224000 0.167435
4.228000 0.167385
4.232000 0.167453
4.236000 0.167630
4.240000 0.167761
4.244000 0.167718
4.248000 0.167768
4.252000 0.167931
4.256000 0.167932
4.260000 0.167854
4.264000 0.167827
4.268000 0.167787
4.272000 0.167710
4.276000 0.167630
4.280000 0.167603
4.284000 0.167750
4.288000 0.167862
4.292000 0.168001
4.296000 0.168008
4.300000 0.167950
4.304000 0.168005
4.308000 0.168111
4.312000 0.168277
4.316000 0.168438
4.320000 0.168563
4.324000 0.168684
4.328000 0.168827
4.332000 0.169008
4.336000 0.169066
4.340000 0.168946
4.344000 0.168984
4.348000 0.168996
4.352000 0.169010
4.356000 0.169076
4.360000 0.169124
4.364000 0.169227
4.368000 0.169409
4.372000 0.169544
4.376000 0.169695
4.380000 0.169819
4.384000 0.169700
4.388000 0.169637
4.392000 0.169720
4.396000 0.169818
4.400000 0.169903
4.404000 0.170081
4.408000 0.170167
4.412000 0.170057
4.416000 0.169924
4.420000 0.169873
4.424000 0.169885
4.428000 0.170021
4.432000 0.169908
4.436000 0.169848
4.440000 0.169987
4.444000 0.170201
4.448000 0.170246
4.452000 0.170099
4.456000 0.169980
4.460000 0.170046
4.464000 0.170174
4.468000 0.170216
4.472000 0.170279
4.476000 0.170334
4.480000 0.170350
4.484000 0.170392
4.488000 0.170466
4.492000 0.170495
4.496000 0.170405
4.500000 0.170278
4.504000 0.170381
4.508000 0.170650
4.512000 0.170816
4.516000 0.170891
4.520000 0.170875
4.524000 0.170827
4.528000 0.170844
4.532000 0.170884
4.536000 0.170979
4.540000 0.171198
4.544000 0.171370
4.548000 0.171635
4.552000 0.171848
4.556000 0.171972
4.560000 0.172127
4.564000 0.172174
4.568000 0.172206
4.572000 0.172174
4.576000 0.172166
4.580000 0.172024
4.584000 0.172082
4.588000 0.172037
4.592000 0.171952
4.596000 0.172121
4.600000 0.172340
4.604000 0.172447
4.608000 0.172468
4.612000 0.172543
4.616000 0.172668
4.620000 0.172722
4.624000 0.172661
4.628000 0.172555
4.632000 0.172454
4.636000 0.172480
4.640000 0.172625
4.644000 0.172846
4.648000 0.172954
4.652000 0.172965
4.656000 0.173052
4.660000 0.173208
4.664000 0.173153
4.668000 0.173107
4.672000 0.173009
4.676000 0.173053
4.680000 0.173284
4.684000 0.173592
4.688000 0.173758
4.692000 0.173800
4.696000 0.173738
4.700000 0.173736
4.704000 0.173702
4.708000 0.173552
4.712000 0.173259
4.716000 0.173008
4.720000 0.172856
4.724000 0.172745
4.728000 0.172591
4.732000 0.172554
4.736000 0.172563
4.740000 0.172548
4.744000 0.172481
4.748000 0.172365
4.752000 0.172211
4.756000 0.171959
4.760000 0.171803
4.764000 0.171705
4.768000 0.171617
4.772000 0.171631
4.776000 0.171622
4.780000 0.171579
4.784000 0.171569
4.788000 0.171720
4.792000 0.171814
4.796000 0.171894
4.800000 0.172074
4.804000 0.172219
4.808000 0.172278
4.812000 0.172327
4.816000 0.172450
4.820000 0.172606
4.824000 0.172716
4.828000 0.172906
4.832000 0.173049
4.836000 0.173173
4.840000 0.173303
4.844000 0.173395
4.848000 0.173542
4.852000 0.173675
4.856000 0.173726
4.860000 0.173736
4.864000 0.173661
4.868000 0.173576
4.872000 0.173539
4.876000 0.173462
4.880000 0.173276
4.884000 0.173195
4.888000 0.173146
4.892000 0.173065
4.896000 0.173056
4.900000 0.173065
4.904000 0.173070
4.908000 0.173211
4.912000 0.173302
4.916000 0.173305
4.920000 0.173217
4.924000 0.172999
4.928000 0.172753
4.932000 0.172645
4.936000 0.172683
4.940000 0.172617
4.944000 0.172601
4.948000 0.172632
4.952000 0.172739
4.956000 0.172898
4.960000 0.172967
4.964000 0.173008
4.968000 0.173079
4.972000 0.173019
4.976000 0.172872
4.980000 0.172840
4.984000 0.172891
4.988000 0.172907
4.992000 0.173055
4.996000 0.173185
