0.012000 0.001530
0.016000 0.002002
0.020000 0.002435
0.024000 0.002880
0.028000 0.003298
0.032000 0.003677
0.036000 0.004077
0.040000 0.004493
0.044000 0.004888
0.048000 0.005271
0.052000 0.005598
0.056000 0.005897
0.060000 0.006207
0.064000 0.006585
0.068000 0.006990
0.072000 0.007380
0.076000 0.007780
0.080000 0.008144
0.084000 0.008474
0.088000 0.008786
0.092000 0.009095
0.096000 0.009450
0.100000 0.009790
0.104000 0.010126
0.108000 0.010482
0.112000 0.010838
0.116000 0.011144
0.120000 0.011437
0.124000 0.011845
0.128000 0.012260
0.132000 0.012707
0.136000 0.013064
0.140000 0.013404
0.144000 0.013755
0.148000 0.014058
0.152000 0.014364
0.156000 0.014692
0.160000 0.014965
0.164000 0.015232
0.168000 0.015560
0.172000 0.015919
0.176000 0.016320
0.180000 0.016722
0.184000 0.017120
0.188000 0.017560
0.192000 0.017898
0.196000 0.018237
0.200000 0.018522
0.204000 0.018757
0.208000 0.018931
0.212000 0.019092
0.216000 0.019324
0.220000 0.019583
0.224000 0.019850
0.228000 0.020150
0.232000 0.020461
0.236000 0.020734
0.240000 0.021067
0.244000 0.021463
0.248000 0.021774
0.252000 0.022057
0.256000 0.022453
0.260000 0.022890
0.264000 0.023207
0.268000 0.023504
0.272000 0.023796
0.276000 0.024103
0.280000 0.024486
0.284000 0.024930
0.288000 0.025383
0.292000 0.025738
0.296000 0.026070
0.300000 0.026429
0.304000 0.026737
0.308000 0.027043
0.312000 0.027449
0.316000 0.027930
0.320000 0.028330
0.324000 0.028522
0.328000 0.028731
0.332000 0.029004
0.336000 0.029310
0.340000 0.029632
0.344000 0.029875
0.348000 0.030005
0.352000 0.030209
0.356000 0.030578
0.360000 0.030895
0.364000 0.031188
0.368000 0.031460
0.372000 0.031828
0.376000 0.032263
0.380000 0.032753
0.384000 0.033189
0.388000 0.033459
0.392000 0.033794
0.396000 0.034136
0.400000 0.034376
0.404000 0.034554
0.408000 0.034851
0.412000 0.035152
0.416000 0.035434
0.420000 0.035774
0.424000 0.036205
0.428000 0.036484
0.432000 0.036647
0.436000 0.036840
0.440000 0.037111
0.444000 0.037293
0.448000 0.037486
0.452000 0.037703
0.456000 0.037876
0.460000 0.038148
0.464000 0.038479
0.468000 0.038766
0.472000 0.039088
0.476000 0.039399
0.480000 0.039603
0.484000 0.039851
0.488000 0.040146
0.492000 0.040396
0.496000 0.040641
0.500000 0.040971
0.504000 0.041320
0.508000 0.041746
0.512000 0.042113
0.516000 0.042492
0.520000 0.043036
0.524000 0.043438
0.528000 0.043764
0.532000 0.044085
0.536000 0.044465
0.540000 0.044858
0.544000 0.045166
0.548000 0.045391
0.552000 0.045636
0.556000 0.045922
0.560000 0.046330
0.564000 0.046672
0.568000 0.047038
0.572000 0.047344
0.576000 0.047765
0.580000 0.048109
0.584000 0.048402
0.588000 0.048633
0.592000 0.048909
0.596000 0.049337
0.600000 0.049854
0.604000 0.050317
0.608000 0.050726
0.612000 0.051141
0.616000 0.051562
0.620000 0.051972
0.624000 0.052379
0.628000 0.052625
0.632000 0.052823
0.636000 0.053096
0.640000 0.053392
0.644000 0.053784
0.648000 0.054328
0.652000 0.054708
0.656000 0.054993
0.660000 0.055365
0.664000 0.055704
0.668000 0.055932
0.672000 0.056220
0.676000 0.056466
0.680000 0.056743
0.684000 0.056992
0.688000 0.057379
0.692000 0.057871
0.696000 0.058409
0.700000 0.058899
0.704000 0.059229
0.708000 0.059472
0.712000 0.059744
0.716000 0.060108
0.720000 0.060527
0.724000 0.060987
0.728000 0.061375
0.732000 0.061682
0.736000 0.061805
0.740000 0.061976
0.744000 0.062122
0.748000 0.062338
0.752000 0.062426
0.756000 0.062603
0.760000 0.062910
0.764000 0.063192
0.768000 0.063514
0.772000 0.063793
0.776000 0.064060
0.780000 0.064378
0.784000 0.064784
0.788000 0.065189
0.792000 0.065618
0.796000 0.066083
0.800000 0.066550
0.804000 0.066894
0.808000 0.067243
0.812000 0.067698
0.816000 0.067941
0.820000 0.067965
0.824000 0.068153
0.828000 0.068479
0.832000 0.068871
0.836000 0.069168
0.840000 0.069249
0.844000 0.069394
0.848000 0.069626
0.852000 0.069983
0.856000 0.070444
0.860000 0.071034
0.864000 0.071386
0.868000 0.071571
0.872000 0.071914
0.876000 0.072260
0.880000 0.072635
0.884000 0.072989
0.888000 0.073398
0.892000 0.073873
0.896000 0.074231
0.900000 0.074451
0.904000 0.074716
0.908000 0.075064
0.912000 0.075382
0.916000 0.075698
0.920000 0.076105
0.924000 0.076580
0.928000 0.076923
0.932000 0.077408
0.936000 0.077904
0.940000 0.078335
0.944000 0.078742
0.948000 0.079014
0.952000 0.079293
0.956000 0.079700
0.960000 0.080155
0.964000 0.080538
0.968000 0.080760
0.972000 0.081099
0.976000 0.081449
0.980000 0.081738
0.984000 0.081908
0.988000 0.082143
0.992000 0.082453
0.996000 0.082800
1.000000 0.083182
1.004000 0.083679
1.008000 0.084269
1.012000 0.084820
1.016000 0.085370
1.020000 0.085885
1.024000 0.086339
1.028000 0.086498
1.032000 0.086601
1.036000 0.086808
1.040000 0.087054
1.044000 0.087318
1.048000 0.087610
1.052000 0.087869
1.056000 0.088187
1.060000 0.088529
1.064000 0.088867
1.068000 0.089181
1.072000 0.089471
1.076000 0.089683
1.080000 0.089847
1.084000 0.090207
1.088000 0.090632
1.092000 0.091019
1.096000 0.091504
1.100000 0.091978
1.104000 0.092371
1.108000 0.092572
1.112000 0.092749
1.116000 0.092972
1.120000 0.093287
1.124000 0.093492
1.128000 0.093816
1.132000 0.094116
1.136000 0.094358
1.140000 0.094655
1.144000 0.094992
1.148000 0.095246
1.152000 0.095639
1.156000 0.096021
1.160000 0.096293
1.164000 0.096506
1.168000 0.096583
1.172000 0.096748
1.176000 0.096998
1.180000 0.097472
1.184000 0.097899
1.188000 0.098233
1.192000 0.098640
1.196000 0.099098
1.200000 0.099510
1.204000 0.099946
1.208000 0.100443
1.212000 0.100970
1.216000 0.101452
1.220000 0.101923
1.224000 0.102348
1.228000 0.102608
1.232000 0.102788
1.236000 0.102837
1.240000 0.103091
1.244000 0.103432
1.248000 0.103764
1.252000 0.104135
1.256000 0.104452
1.260000 0.104797
1.264000 0.105117
1.268000 0.105387
1.272000 0.105603
1.276000 0.106000
1.280000 0.106369
1.284000 0.106569
1.288000 0.106662
1.292000 0.106778
1.296000 0.106939
1.300000 0.107235
1.304000 0.107614
1.308000 0.107956
1.312000 0.108342
1.316000 0.108756
1.320000 0.109375
1.324000 0.109924
1.328000 0.110215
1.332000 0.110523
1.336000 0.110946
1.340000 0.111452
1.344000 0.111883
1.348000 0.112150
1.352000 0.112294
1.356000 0.112463
1.360000 0.112719
1.364000 0.113007
1.368000 0.113251
1.372000 0.113687
1.376000 0.114122
1.380000 0.114508
1.384000 0.114774
1.388000 0.114939
1.392000 0.115268
1.396000 0.115554
1.400000 0.115689
1.404000 0.115925
1.408000 0.115946
1.412000 0.115907
1.416000 0.116274
1.420000 0.116757
1.424000 0.117066
1.428000 0.117278
1.432000 0.117401
1.436000 0.117547
1.440000 0.117756
1.444000 0.117972
1.448000 0.118034
1.452000 0.118340
1.456000 0.118524
1.460000 0.118778
1.464000 0.119106
1.468000 0.119298
1.472000 0.119488
1.476000 0.119701
1.480000 0.119680
1.484000 0.119858
1.488000 0.120236
1.492000 0.120490
1.496000 0.120808
1.500000 0.121277
1.504000 0.121868
1.508000 0.122509
1.512000 0.123027
1.516000 0.123271
1.520000 0.123457
1.524000 0.123578
1.528000 0.123897
1.532000 0.124387
1.536000 0.124864
1.540000 0.125257
1.544000 0.125514
1.548000 0.125581
1.552000 0.125718
1.556000 0.125683
1.560000 0.125686
1.564000 0.126075
1.568000 0.126622
1.572000 0.126788
1.576000 0.126882
1.580000 0.127123
1.584000 0.127366
1.588000 0.127617
1.592000 0.128061
1.596000 0.128502
1.600000 0.128865
1.604000 0.129309
1.608000 0.129739
1.612000 0.130151
1.616000 0.130486
1.620000 0.130730
1.624000 0.130893
1.628000 0.131405
1.632000 0.131830
1.636000 0.132200
1.640000 0.132429
1.644000 0.132468
1.648000 0.132667
1.652000 0.132934
1.656000 0.133274
1.660000 0.133487
1.664000 0.133814
1.668000 0.134086
1.672000 0.134323
1.676000 0.134667
1.680000 0.134852
1.684000 0.134987
1.688000 0.134939
1.692000 0.134927
1.696000 0.135198
1.700000 0.135594
1.704000 0.135941
1.708000 0.136269
1.712000 0.136822
1.716000 0.137289
1.720000 0.137525
1.724000 0.137813
1.728000 0.138070
1.732000 0.138242
1.736000 0.138474
1.740000 0.138824
1.744000 0.138969
1.748000 0.139160
1.752000 0.139432
1.756000 0.139677
1.760000 0.139776
1.764000 0.140048
1.768000 0.140308
1.772000 0.140416
1.776000 0.140588
1.780000 0.140718
1.784000 0.140979
1.788000 0.141215
1.792000 0.141512
1.796000 0.141867
1.800000 0.142360
1.804000 0.142705
1.808000 0.143023
1.812000 0.143260
1.816000 0.143679
1.820000 0.144207
1.824000 0.144546
1.828000 0.144690
1.832000 0.144869
1.836000 0.145153
1.840000 0.145583
1.844000 0.146243
1.848000 0.146634
1.852000 0.146946
1.856000 0.147230
1.860000 0.147758
1.864000 0.148386
1.868000 0.148950
1.872000 0.149469
1.876000 0.149794
1.880000 0.150147
1.884000 0.150532
1.888000 0.150805
1.892000 0.151123
1.896000 0.151483
1.900000 0.151859
1.904000 0.152238
1.908000 0.152482
1.912000 0.152657
1.916000 0.153026
1.920000 0.153033
1.924000 0.153131
1.928000 0.153394
1.932000 0.153729
1.936000 0.153993
1.940000 0.154092
1.944000 0.154016
1.948000 0.153746
1.952000 0.153675
1.956000 0.153802
1.960000 0.154078
1.964000 0.154437
1.968000 0.154892
1.972000 0.155436
1.976000 0.155864
1.980000 0.156141
1.984000 0.156317
1.988000 0.156516
1.992000 0.156954
1.996000 0.157578
2.000000 0.158049
2.004000 0.158755
2.008000 0.159575
2.012000 0.160200
2.016000 0.160452
2.020000 0.160724
2.024000 0.161011
2.028000 0.161257
2.032000 0.161528
2.036000 0.161807
2.040000 0.162104
2.044000 0.162719
2.048000 0.163306
2.052000 0.163745
2.056000 0.164081
2.060000 0.164320
2.064000 0.164613
2.068000 0.164844
2.072000 0.165086
2.076000 0.165428
2.080000 0.165747
2.084000 0.166155
2.088000 0.166691
2.092000 0.167175
2.096000 0.167490
2.100000 0.167795
2.104000 0.168129
2.108000 0.168314
2.112000 0.168469
2.116000 0.168913
2.120000 0.169259
2.124000 0.169511
2.128000 0.170000
2.132000 0.170650
2.136000 0.171361
2.140000 0.171816
2.144000 0.171904
2.148000 0.172077
2.152000 0.172402
2.156000 0.172518
2.160000 0.172776
2.164000 0.173145
2.168000 0.173513
2.172000 0.173667
2.176000 0.173891
2.180000 0.174188
2.184000 0.174460
2.188000 0.174968
2.192000 0.175316
2.196000 0.175778
2.200000 0.176142
2.204000 0.176441
2.208000 0.176567
2.212000 0.176799
2.216000 0.177339
2.220000 0.177786
2.224000 0.178111
2.228000 0.178449
2.232000 0.178675
2.236000 0.178950
2.240000 0.179193
2.244000 0.179173
2.248000 0.179179
2.252000 0.179212
2.256000 0.179383
2.260000 0.179739
2.264000 0.180030
2.268000 0.180070
2.272000 0.180128
2.276000 0.180367
2.280000 0.180679
2.284000 0.180957
2.288000 0.181147
2.292000 0.181420
2.296000 0.181827
2.300000 0.182312
2.304000 0.182807
2.308000 0.183063
2.312000 0.183257
2.316000 0.183469
2.320000 0.183719
2.324000 0.183889
2.328000 0.184085
2.332000 0.184379
2.336000 0.184619
2.340000 0.184805
2.344000 0.185031
2.348000 0.185378
2.352000 0.185873
2.356000 0.186186
2.360000 0.186343
2.364000 0.186412
2.368000 0.186460
2.372000 0.186641
2.376000 0.187022
2.380000 0.187231
2.384000 0.187285
2.388000 0.187461
2.392000 0.187764
2.396000 0.187887
2.400000 0.188223
2.404000 0.188682
2.408000 0.188890
2.412000 0.189101
2.416000 0.189482
2.420000 0.189896
2.424000 0.190212
2.428000 0.190392
2.432000 0.190550
2.436000 0.190894
2.440000 0.191201
2.444000 0.191578
2.448000 0.192029
2.452000 0.192370
2.456000 0.192600
2.460000 0.192744
2.464000 0.192976
2.468000 0.193157
2.472000 0.193197
2.476000 0.193463
2.480000 0.193652
2.484000 0.193726
2.488000 0.193969
2.492000 0.194357
2.496000 0.194892
2.500000 0.195136
2.504000 0.195422
2.508000 0.195805
2.512000 0.196159
2.516000 0.196431
2.520000 0.196772
2.524000 0.197046
2.528000 0.197258
2.532000 0.197638
2.536000 0.197780
2.540000 0.197971
2.544000 0.198400
2.548000 0.198683
2.552000 0.198857
2.556000 0.199074
2.560000 0.199459
2.564000 0.199871
2.568000 0.200341
2.572000 0.200805
2.576000 0.201243
2.580000 0.201449
2.584000 0.201729
2.588000 0.202075
2.592000 0.202240
2.596000 0.202280
2.600000 0.202640
2.604000 0.203187
2.608000 0.203587
2.612000 0.203406
2.616000 0.203380
2.620000 0.203506
2.624000 0.203671
2.628000 0.203862
2.632000 0.204097
2.636000 0.204207
2.640000 0.204344
2.644000 0.204261
2.648000 0.204089
2.652000 0.204318
2.656000 0.204793
2.660000 0.205084
2.664000 0.205391
2.668000 0.205559
2.672000 0.205655
2.676000 0.205883
2.680000 0.205774
2.684000 0.205803
2.688000 0.206146
2.692000 0.206706
2.696000 0.207020
2.700000 0.207202
2.704000 0.207318
2.708000 0.207574
2.712000 0.207719
2.716000 0.207948
2.720000 0.208297
2.724000 0.208909
2.728000 0.209448
2.732000 0.209851
2.736000 0.210191
2.740000 0.210191
2.744000 0.209896
2.748000 0.209946
2.752000 0.210468
2.756000 0.210863
2.760000 0.211260
2.764000 0.211468
2.768000 0.211754
2.772000 0.212074
2.776000 0.212650
2.780000 0.213277
2.784000 0.213592
2.788000 0.213661
2.792000 0.213952
2.796000 0.214069
2.800000 0.214381
2.804000 0.214703
2.808000 0.215074
2.812000 0.215381
2.816000 0.215841
2.820000 0.216279
2.824000 0.216838
2.828000 0.217449
2.832000 0.217968
2.836000 0.218363
2.840000 0.218660
2.844000 0.218708
2.848000 0.218849
2.852000 0.219039
2.856000 0.219313
2.860000 0.219615
2.864000 0.219936
2.868000 0.220353
2.872000 0.220871
2.876000 0.221297
2.880000 0.221726
2.884000 0.222148
2.888000 0.222384
2.892000 0.222717
2.896000 0.223049
2.900000 0.223135
2.904000 0.223297
2.908000 0.223581
2.912000 0.223968
2.916000 0.224085
2.920000 0.224140
2.924000 0.224093
2.928000 0.224190
2.932000 0.224668
2.936000 0.225169
2.940000 0.225223
2.944000 0.225139
2.948000 0.225254
2.952000 0.225285
2.956000 0.225379
2.960000 0.225780
2.964000 0.226229
2.968000 0.226655
2.972000 0.227193
2.976000 0.227841
2.980000 0.228510
2.984000 0.228850
2.988000 0.228937
2.992000 0.229020
2.996000 0.229139
3.000000 0.229373
3.004000 0.229678
3.008000 0.230080
3.012000 0.230551
3.016000 0.231176
3.020000 0.231651
3.024000 0.231859
3.028000 0.232309
3.032000 0.232738
3.036000 0.232907
3.040000 0.233139
3.044000 0.233467
3.048000 0.233741
3.052000 0.233883
3.056000 0.234239
3.060000 0.234344
3.064000 0.234523
3.068000 0.234785
3.072000 0.235040
3.076000 0.235352
3.080000 0.235728
3.084000 0.236163
3.088000 0.236602
3.092000 0.237208
3.096000 0.237858
3.100000 0.238336
3.104000 0.238390
3.108000 0.238368
3.112000 0.238566
3.116000 0.238697
3.120000 0.238810
3.124000 0.239088
3.128000 0.239525
3.132000 0.239566
3.136000 0.239776
3.140000 0.240000
3.144000 0.240487
3.148000 0.241004
3.152000 0.241653
3.156000 0.242273
3.160000 0.242992
3.164000 0.243464
3.168000 0.243598
3.172000 0.243823
3.176000 0.244414
3.180000 0.245023
3.184000 0.245466
3.188000 0.245951
3.192000 0.246331
3.196000 0.246476
3.200000 0.246428
3.204000 0.246730
3.208000 0.246980
3.212000 0.247128
3.216000 0.247354
3.220000 0.247544
3.224000 0.247804
3.228000 0.248197
3.232000 0.248863
3.236000 0.249402
3.240000 0.249603
3.244000 0.249584
3.248000 0.249958
3.252000 0.250571
3.256000 0.251019
3.260000 0.251236
3.264000 0.251245
3.268000 0.251150
3.272000 0.251427
3.276000 0.251949
3.280000 0.252335
3.284000 0.252805
3.288000 0.253211
3.292000 0.253478
3.296000 0.253930
3.300000 0.254261
3.304000 0.254814
3.308000 0.255600
3.312000 0.256104
3.316000 0.256723
3.320000 0.257182
3.324000 0.257645
3.328000 0.258192
3.332000 0.258753
3.336000 0.259147
3.340000 0.259237
3.344000 0.259335
3.348000 0.259283
3.352000 0.259274
3.356000 0.259660
3.360000 0.260005
3.364000 0.260261
3.368000 0.260294
3.372000 0.260509
3.376000 0.260945
3.380000 0.261148
3.384000 0.261291
3.388000 0.261501
3.392000 0.261902
3.396000 0.262330
3.400000 0.262773
3.404000 0.263229
3.408000 0.263784
3.412000 0.264312
3.416000 0.264830
3.420000 0.265195
3.424000 0.265426
3.428000 0.265664
3.432000 0.265984
3.436000 0.266406
3.440000 0.266626
3.444000 0.266813
3.448000 0.267251
3.452000 0.267816
3.456000 0.268073
3.460000 0.268489
3.464000 0.268898
3.468000 0.269417
3.472000 0.269958
3.476000 0.270242
3.480000 0.270598
3.484000 0.271030
3.488000 0.271226
3.492000 0.271459
3.496000 0.271726
3.500000 0.271856
3.504000 0.271958
3.508000 0.272183
3.512000 0.272403
3.516000 0.272542
3.520000 0.272606
3.524000 0.272982
3.528000 0.273289
3.532000 0.273444
3.536000 0.273700
3.540000 0.273813
3.544000 0.274121
3.548000 0.274630
3.552000 0.275132
3.556000 0.275679
3.560000 0.276064
3.564000 0.276330
3.568000 0.276704
3.572000 0.276895
3.576000 0.277079
3.580000 0.277262
3.584000 0.277611
3.588000 0.278106
3.592000 0.278309
3.596000 0.278493
3.600000 0.278630
3.604000 0.278553
3.608000 0.278494
3.612000 0.278556
3.616000 0.278713
3.620000 0.279054
3.624000 0.279525
3.628000 0.279940
3.632000 0.280711
3.636000 0.281451
3.640000 0.281637
3.644000 0.281743
3.648000 0.282029
3.652000 0.282524
3.656000 0.283310
3.660000 0.283795
3.664000 0.283876
3.668000 0.283667
3.672000 0.283698
3.676000 0.284128
3.680000 0.284461
3.684000 0.284577
3.688000 0.284727
3.692000 0.285120
3.696000 0.285487
3.700000 0.285729
3.704000 0.285881
3.708000 0.286200
3.712000 0.286733
3.716000 0.286970
3.720000 0.287034
3.724000 0.287240
3.728000 0.287435
3.732000 0.287558
3.736000 0.287758
3.740000 0.288084
3.744000 0.288144
3.748000 0.288040
3.752000 0.288207
3.756000 0.288711
3.760000 0.289093
3.764000 0.289118
3.768000 0.289237
3.772000 0.289425
3.776000 0.289404
3.780000 0.289472
3.784000 0.289713
3.788000 0.289964
3.792000 0.290351
3.796000 0.290738
3.800000 0.290932
3.804000 0.291180
3.808000 0.291513
3.812000 0.291981
3.816000 0.292650
3.820000 0.293076
3.824000 0.293610
3.828000 0.294089
3.832000 0.294524
3.836000 0.295063
3.840000 0.295396
3.844000 0.295571
3.848000 0.296064
3.852000 0.296611
3.856000 0.296830
3.860000 0.296981
3.864000 0.297163
3.868000 0.297457
3.872000 0.298058
3.876000 0.298206
3.880000 0.298062
3.884000 0.298172
3.888000 0.298531
3.892000 0.298797
3.896000 0.299215
3.900000 0.299560
3.904000 0.299657
3.908000 0.299604
3.912000 0.299695
3.916000 0.299745
3.920000 0.299812
3.924000 0.299866
3.928000 0.300080
3.932000 0.300472
3.936000 0.300913
3.940000 0.301309
3.944000 0.301599
3.948000 0.301952
3.952000 0.302283
3.956000 0.302697
3.960000 0.303023
3.964000 0.303571
3.968000 0.304064
3.972000 0.304553
3.976000 0.304927
3.980000 0.305572
3.984000 0.306231
3.988000 0.306650
3.992000 0.306875
3.996000 0.307010
4.000000 0.307221
4.004000 0.307454
4.008000 0.307459
4.012000 0.308040
4.016000 0.308985
4.020000 0.309932
4.024000 0.310747
4.028000 0.311234
4.032000 0.311187
4.036000 0.310867
4.040000 0.310373
4.044000 0.310354
4.048000 0.310967
4.052000 0.311462
4.056000 0.311533
4.060000 0.311612
4.064000 0.311780
4.068000 0.312148
4.072000 0.312312
4.076000 0.312763
4.080000 0.313388
4.084000 0.313703
4.088000 0.313916
4.092000 0.314132
4.096000 0.314416
4.100000 0.314706
4.104000 0.315045
4.108000 0.315442
4.112000 0.315617
4.116000 0.315685
4.120000 0.315950
4.124000 0.316302
4.128000 0.316952
4.132000 0.317564
4.136000 0.318240
4.140000 0.318733
4.144000 0.318775
4.148000 0.318730
4.152000 0.318973
4.156000 0.319370
4.160000 0.319636
4.164000 0.319847
4.168000 0.320006
4.172000 0.320617
4.176000 0.321151
4.180000 0.321375
4.184000 0.321485
4.188000 0.321820
4.192000 0.321966
4.196000 0.322028
4.200000 0.322052
4.204000 0.322015
4.208000 0.322085
4.212000 0.322274
4.216000 0.322307
4.220000 0.322593
4.224000 0.323223
4.228000 0.323763
4.232000 0.324447
4.236000 0.324623
4.240000 0.324635
4.244000 0.324885
4.248000 0.325184
4.252000 0.325391
4.256000 0.325471
4.260000 0.325685
4.264000 0.326109
4.268000 0.326430
4.272000 0.326451
4.276000 0.326601
4.280000 0.326784
4.284000 0.327177
4.288000 0.327311
4.292000 0.327270
4.296000 0.327729
4.300000 0.328321
4.304000 0.328761
4.308000 0.329017
4.312000 0.329215
4.316000 0.329623
4.320000 0.330063
4.324000 0.330180
4.328000 0.330484
4.332000 0.330670
4.336000 0.331048
4.340000 0.331498
4.344000 0.331810
4.348000 0.332245
4.352000 0.332405
4.356000 0.332231
4.360000 0.332549
4.364000 0.332908
4.368000 0.333573
4.372000 0.334478
4.376000 0.335071
4.380000 0.335066
4.384000 0.335163
4.388000 0.335422
4.392000 0.335676
4.396000 0.335855
4.400000 0.336261
4.404000 0.336868
4.408000 0.337291
4.412000 0.337592
4.416000 0.337831
4.420000 0.338351
4.424000 0.338805
4.428000 0.339061
4.432000 0.339397
4.436000 0.339654
4.440000 0.339900
4.444000 0.340046
4.448000 0.340404
4.452000 0.340957
4.456000 0.341347
4.460000 0.341667
4.464000 0.342226
4.468000 0.342471
4.472000 0.342628
4.476000 0.343003
4.480000 0.343587
4.484000 0.344158
4.488000 0.344498
4.492000 0.344615
4.496000 0.344768
4.500000 0.345151
4.504000 0.345657
4.508000 0.346027
4.512000 0.346367
4.516000 0.346896
4.520000 0.347610
4.524000 0.348156
4.528000 0.348161
4.532000 0.348165
4.536000 0.348546
4.540000 0.349117
4.544000 0.349275
4.548000 0.349586
4.552000 0.349658
4.556000 0.349794
4.560000 0.350102
4.564000 0.350268
4.568000 0.350199
4.572000 0.350210
4.576000 0.350470
4.580000 0.350513
4.584000 0.350415
4.588000 0.350583
4.592000 0.351045
4.596000 0.351464
4.600000 0.351759
4.604000 0.352195
4.608000 0.352788
4.612000 0.353229
4.616000 0.353677
4.620000 0.353985
4.624000 0.354195
4.628000 0.354957
4.632000 0.355756
4.636000 0.356337
4.640000 0.356290
4.644000 0.356106
4.648000 0.356131
4.652000 0.356158
4.656000 0.356282
4.660000 0.356554
4.664000 0.356807
4.668000 0.357082
4.672000 0.357679
4.676000 0.358286
4.680000 0.358758
4.684000 0.359003
4.688000 0.359279
4.692000 0.359422
4.696000 0.359597
4.700000 0.359976
4.704000 0.360315
4.708000 0.360611
4.712000 0.360662
4.716000 0.360972
4.720000 0.361643
4.724000 0.362388
4.728000 0.362872
4.732000 0.362727
4.736000 0.362575
4.740000 0.362666
4.744000 0.362935
4.748000 0.363356
4.752000 0.363879
4.756000 0.364243
4.760000 0.364186
4.764000 0.363965
4.768000 0.364201
4.772000 0.364728
4.776000 0.365012
4.780000 0.365082
4.784000 0.365442
4.788000 0.365714
4.792000 0.366209
4.796000 0.366651
4.800000 0.366719
4.804000 0.366959
4.808000 0.367371
4.812000 0.367767
4.816000 0.368187
4.820000 0.368556
4.824000 0.369145
4.828000 0.369710
4.832000 0.370258
4.836000 0.370885
4.840000 0.371373
4.844000 0.371978
4.848000 0.372458
4.852000 0.372907
4.856000 0.373607
4.860000 0.374215
4.864000 0.374691
4.868000 0.374908
4.872000 0.375242
4.876000 0.375629
4.880000 0.375735
4.884000 0.375573
4.888000 0.375576
4.892000 0.376186
4.896000 0.377032
4.900000 0.377709
4.904000 0.378190
4.908000 0.378411
4.912000 0.378636
4.916000 0.379249
4.920000 0.379786
4.924000 0.379831
4.928000 0.380116
4.932000 0.380371
4.936000 0.380882
4.940000 0.381524
4.944000 0.381844
4.948000 0.381975
4.952000 0.382037
4.956000 0.382084
4.960000 0.382166
4.964000 0.382440
4.968000 0.382899
4.972000 0.383289
4.976000 0.384038
4.980000 0.384455
4.984000 0.384584
4.988000 0.384831
4.992000 0.385108
4.996000 0.385519
