0.012000 0.001416
0.016000 0.001818
0.020000 0.002170
0.024000 0.002509
0.028000 0.002810
0.032000 0.003076
0.036000 0.003325
0.040000 0.003587
0.044000 0.003853
0.048000 0.004130
0.052000 0.004390
0.056000 0.004609
0.060000 0.004824
0.064000 0.005063
0.068000 0.005277
0.072000 0.005456
0.076000 0.005674
0.080000 0.005939
0.084000 0.006197
0.088000 0.006410
0.092000 0.006599
0.096000 0.006819
0.100000 0.007067
0.104000 0.007289
0.108000 0.007466
0.112000 0.007643
0.116000 0.007869
0.120000 0.008094
0.124000 0.008298
0.128000 0.008470
0.132000 0.008629
0.136000 0.008804
0.140000 0.008989
0.144000 0.009164
0.148000 0.009338
0.152000 0.009513
0.156000 0.009693
0.160000 0.009862
0.164000 0.010006
0.168000 0.010166
0.172000 0.010340
0.176000 0.010476
0.180000 0.010642
0.184000 0.010813
0.188000 0.010979
0.192000 0.011189
0.196000 0.011410
0.200000 0.011640
0.204000 0.011836
0.208000 0.012014
0.212000 0.012131
0.216000 0.012303
0.220000 0.012516
0.224000 0.012728
0.228000 0.012869
0.232000 0.012988
0.236000 0.013136
0.240000 0.013305
0.244000 0.013477
0.248000 0.013659
0.252000 0.013863
0.256000 0.014094
0.260000 0.014297
0.264000 0.014493
0.268000 0.014663
0.272000 0.014833
0.276000 0.014981
0.280000 0.015110
0.284000 0.015243
0.288000 0.015421
0.292000 0.015617
0.296000 0.015794
0.300000 0.015921
0.304000 0.016019
0.308000 0.016131
0.312000 0.016295
0.316000 0.016488
0.320000 0.016632
0.324000 0.016802
0.328000 0.016966
0.332000 0.017062
0.336000 0.017182
0.340000 0.017302
0.344000 0.017438
0.348000 0.017668
0.352000 0.017933
0.356000 0.018215
0.360000 0.018460
0.364000 0.018589
0.368000 0.018738
0.372000 0.018886
0.376000 0.019019
0.380000 0.019143
0.384000 0.019245
0.388000 0.019347
0.392000 0.019474
0.396000 0.019610
0.400000 0.019689
0.404000 0.019827
0.408000 0.019931
0.412000 0.020009
0.416000 0.020123
0.420000 0.020311
0.424000 0.020504
0.428000 0.020670
0.432000 0.020841
0.436000 0.021041
0.440000 0.021202
0.444000 0.021367
0.448000 0.021485
0.452000 0.021570
0.456000 0.021668
0.460000 0.021855
0.464000 0.022070
0.468000 0.022248
0.472000 0.022484
0.476000 0.022725
0.480000 0.022946
0.484000 0.023101
0.488000 0.023209
0.492000 0.023258
0.496000 0.023358
0.500000 0.023443
0.504000 0.023485
0.508000 0.023608
0.512000 0.023815
0.516000 0.024017
0.520000 0.024146
0.524000 0.024264
0.528000 0.024440
0.532000 0.024615
0.536000 0.024779
0.540000 0.024968
0.544000 0.025176
0.548000 0.025366
0.552000 0.025554
0.556000 0.025722
0.560000 0.025899
0.564000 0.026120
0.568000 0.026286
0.572000 0.026473
0.576000 0.026683
0.580000 0.026902
0.584000 0.027031
0.588000 0.027118
0.592000 0.027125
0.596000 0.027139
0.600000 0.027229
0.604000 0.027307
0.608000 0.027425
0.612000 0.027591
0.616000 0.027723
0.620000 0.027837
0.624000 0.027961
0.628000 0.028077
0.632000 0.028226
0.636000 0.028400
0.640000 0.028529
0.644000 0.028619
0.648000 0.028830
0.652000 0.028983
0.656000 0.029077
0.660000 0.029171
0.664000 0.029291
0.668000 0.029394
0.672000 0.029484
0.676000 0.029629
0.680000 0.029804
0.684000 0.029935
0.688000 0.030096
0.692000 0.030216
0.696000 0.030342
0.700000 0.030527
0.704000 0.030727
0.708000 0.030897
0.712000 0.031162
0.716000 0.031481
0.720000 0.031711
0.724000 0.031850
0.728000 0.031953
0.732000 0.032046
0.736000 0.032170
0.740000 0.032326
0.744000 0.032460
0.748000 0.032689
0.752000 0.032955
0.756000 0.033151
0.760000 0.033368
0.764000 0.033531
0.768000 0.033654
0.772000 0.033800
0.776000 0.033966
0.780000 0.034154
0.784000 0.034289
0.788000 0.034450
0.792000 0.034593
0.796000 0.034760
0.800000 0.035008
0.804000 0.035312
0.808000 0.035525
0.812000 0.035575
0.816000 0.035592
0.820000 0.035673
0.824000 0.035808
0.828000 0.036008
0.832000 0.036308
0.836000 0.036574
0.840000 0.036744
0.844000 0.036792
0.848000 0.036851
0.852000 0.036869
0.856000 0.036954
0.860000 0.037107
0.864000 0.037301
0.868000 0.037536
0.872000 0.037769
0.876000 0.037950
0.880000 0.038060
0.884000 0.038209
0.888000 0.038437
0.892000 0.038542
0.896000 0.038645
0.900000 0.038710
0.904000 0.038802
0.908000 0.038933
0.912000 0.039131
0.916000 0.039274
0.920000 0.039428
0.924000 0.039602
0.928000 0.039745
0.932000 0.039740
0.936000 0.039715
0.940000 0.039755
0.944000 0.039885
0.948000 0.040035
0.952000 0.040208
0.956000 0.040439
0.960000 0.040615
0.964000 0.040786
0.968000 0.040930
0.972000 0.041084
0.976000 0.041227
0.980000 0.041347
0.984000 0.041503
0.988000 0.041686
0.992000 0.041946
0.996000 0.042272
1.000000 0.042526
1.004000 0.042653
1.008000 0.042874
1.012000 0.043012
1.016000 0.042976
1.020000 0.042952
1.024000 0.043060
1.028000 0.043163
1.032000 0.043235
1.036000 0.043304
1.040000 0.043401
1.044000 0.043508
1.048000 0.043582
1.052000 0.043682
1.056000 0.043882
1.060000 0.044086
1.064000 0.044280
1.068000 0.044387
1.072000 0.044528
1.076000 0.044666
1.080000 0.044792
1.084000 0.044883
1.088000 0.044981
1.092000 0.045114
1.096000 0.045251
1.100000 0.045475
1.104000 0.045755
1.108000 0.046020
1.112000 0.046248
1.116000 0.046459
1.120000 0.046648
1.124000 0.046762
1.128000 0.046822
1.132000 0.046929
1.136000 0.047067
1.140000 0.047183
1.144000 0.047328
1.148000 0.047491
1.152000 0.047646
1.156000 0.047693
1.160000 0.047806
1.164000 0.047995
1.168000 0.048184
1.172000 0.048445
1.176000 0.048655
1.180000 0.048762
1.184000 0.048923
1.188000 0.049115
1.192000 0.049335
1.196000 0.049354
1.200000 0.049339
1.204000 0.049395
1.208000 0.049369
1.212000 0.049355
1.216000 0.049389
1.220000 0.049453
1.224000 0.049595
1.228000 0.049741
1.232000 0.049945
1.236000 0.050222
1.240000 0.050506
1.244000 0.050681
1.248000 0.050865
1.252000 0.051018
1.256000 0.051157
1.260000 0.051287
1.264000 0.051407
1.268000 0.051588
1.272000 0.051775
1.276000 0.051984
1.280000 0.052277
1.284000 0.052508
1.288000 0.052727
1.292000 0.052874
1.296000 0.052935
1.300000 0.053033
1.304000 0.053121
1.308000 0.053191
1.312000 0.053338
1.316000 0.053461
1.320000 0.053631
1.324000 0.053850
1.328000 0.053980
1.332000 0.054141
1.336000 0.054305
1.340000 0.054450
1.344000 0.054599
1.348000 0.054615
1.352000 0.054708
1.356000 0.054953
1.360000 0.055232
1.364000 0.055410
1.368000 0.055546
1.372000 0.055531
1.376000 0.055544
1.380000 0.055583
1.384000 0.055692
1.388000 0.055851
1.392000 0.055975
1.396000 0.056052
1.400000 0.056132
1.404000 0.056238
1.408000 0.056366
1.412000 0.056494
1.416000 0.056616
1.420000 0.056723
1.424000 0.056865
1.428000 0.056972
1.432000 0.057127
1.436000 0.057259
1.440000 0.057387
1.444000 0.057494
1.448000 0.057641
1.452000 0.057792
1.456000 0.057946
1.460000 0.058020
1.464000 0.058013
1.468000 0.058119
1.472000 0.058298
1.476000 0.058471
1.480000 0.058701
1.484000 0.058899
1.488000 0.059097
1.492000 0.059351
1.496000 0.059542
1.500000 0.059595
1.504000 0.059525
1.508000 0.059562
1.512000 0.059552
1.516000 0.059626
1.520000 0.059773
1.524000 0.059959
1.528000 0.060096
1.532000 0.060268
1.536000 0.060429
1.540000 0.060612
1.544000 0.060757
1.548000 0.060799
1.552000 0.060789
1.556000 0.060938
1.560000 0.061241
1.564000 0.061495
1.568000 0.061577
1.572000 0.061556
1.576000 0.061614
1.580000 0.061842
1.584000 0.062004
1.588000 0.062098
1.592000 0.062095
1.596000 0.062220
1.600000 0.062299
1.604000 0.062279
1.608000 0.062243
1.612000 0.062338
1.616000 0.062368
1.620000 0.062397
1.624000 0.062548
1.628000 0.062726
1.632000 0.062800
1.636000 0.062849
1.640000 0.063001
1.644000 0.063042
1.648000 0.063162
1.652000 0.063323
1.656000 0.063542
1.660000 0.063842
1.664000 0.064140
1.668000 0.064387
1.672000 0.064627
1.676000 0.064791
1.680000 0.064867
1.684000 0.064960
1.688000 0.064976
1.692000 0.065017
1.696000 0.065125
1.700000 0.065222
1.704000 0.065307
1.708000 0.065429
1.712000 0.065566
1.716000 0.065723
1.720000 0.065909
1.724000 0.065956
1.728000 0.066073
1.732000 0.066243
1.736000 0.066440
1.740000 0.066548
1.744000 0.066615
1.748000 0.066788
1.752000 0.066910
1.756000 0.067086
1.760000 0.067268
1.764000 0.067241
1.768000 0.067275
1.772000 0.067416
1.776000 0.067540
1.780000 0.067701
1.784000 0.067860
1.788000 0.067970
1.792000 0.068093
1.796000 0.068266
1.800000 0.068360
1.804000 0.068189
1.808000 0.068064
1.812000 0.068039
1.816000 0.068205
1.820000 0.068430
1.824000 0.068609
1.828000 0.068758
1.832000 0.068773
1.836000 0.068828
1.840000 0.068924
1.844000 0.069009
1.848000 0.069136
1.852000 0.069258
1.856000 0.069239
1.860000 0.069439
1.864000 0.069687
1.868000 0.069770
1.872000 0.069838
1.876000 0.069955
1.880000 0.070102
1.884000 0.070184
1.888000 0.070183
1.892000 0.070209
1.896000 0.070295
1.900000 0.070489
1.904000 0.070547
1.908000 0.070709
1.912000 0.070937
1.916000 0.071045
1.920000 0.071234
1.924000 0.071273
1.928000 0.071251
1.932000 0.071206
1.936000 0.071398
1.940000 0.071644
1.944000 0.071835
1.948000 0.071928
1.952000 0.072012
1.956000 0.072096
1.960000 0.072224
1.964000 0.072360
1.968000 0.072499
1.972000 0.072715
1.976000 0.073019
1.980000 0.073346
1.984000 0.073577
1.988000 0.073820
1.992000 0.074060
1.996000 0.074244
2.000000 0.074352
2.004000 0.074369
2.008000 0.074418
2.012000 0.074544
2.016000 0.074800
2.020000 0.075068
2.024000 0.075259
2.028000 0.075411
2.032000 0.075559
2.036000 0.075583
2.040000 0.075552
2.044000 0.075666
2.048000 0.075814
2.052000 0.075945
2.056000 0.076065
2.060000 0.076159
2.064000 0.076352
2.068000 0.076532
2.072000 0.076637
2.076000 0.076710
2.080000 0.076676
2.084000 0.076709
2.088000 0.076786
2.092000 0.076936
2.096000 0.077185
2.100000 0.077414
2.104000 0.077642
2.108000 0.077819
2.112000 0.078077
2.116000 0.078346
2.120000 0.078476
2.124000 0.078511
2.128000 0.078624
2.132000 0.078891
2.136000 0.079146
2.140000 0.079218
2.144000 0.079300
2.148000 0.079449
2.152000 0.079585
2.156000 0.079731
2.160000 0.079838
2.164000 0.079983
2.168000 0.080115
2.172000 0.080305
2.176000 0.080529
2.180000 0.080750
2.184000 0.081025
2.188000 0.081271
2.192000 0.081448
2.196000 0.081608
2.200000 0.081644
2.204000 0.081614
2.208000 0.081608
2.212000 0.081711
2.216000 0.081780
2.220000 0.081874
2.224000 0.081960
2.228000 0.082036
2.232000 0.082123
2.236000 0.082332
2.240000 0.082591
2.244000 0.082765
2.248000 0.082956
2.252000 0.083112
2.256000 0.083176
2.260000 0.083244
2.264000 0.083466
2.268000 0.083676
2.272000 0.083880
2.276000 0.084057
2.280000 0.084217
2.284000 0.084268
2.288000 0.084318
2.292000 0.084445
2.296000 0.084471
2.300000 0.084455
2.304000 0.084417
2.308000 0.084447
2.312000 0.084531
2.316000 0.084747
2.320000 0.084963
2.324000 0.085032
2.328000 0.085006
2.332000 0.085022
2.336000 0.085070
2.340000 0.085275
2.344000 0.085501
2.348000 0.085783
2.352000 0.086081
2.356000 0.086452
2.360000 0.086706
2.364000 0.086906
2.368000 0.087024
2.372000 0.087221
2.376000 0.087370
2.380000 0.087573
2.384000 0.087649
2.388000 0.087708
2.392000 0.087773
2.396000 0.087917
2.400000 0.088173
2.404000 0.088411
2.408000 0.088563
2.412000 0.088728
2.416000 0.088928
2.420000 0.089134
2.424000 0.089433
2.428000 0.089716
2.432000 0.089862
2.436000 0.090099
2.440000 0.090270
2.444000 0.090333
2.448000 0.090417
2.452000 0.090468
2.456000 0.090606
2.460000 0.090739
2.464000 0.090796
2.468000 0.090846
2.472000 0.090892
2.476000 0.090949
2.480000 0.091128
2.484000 0.091221
2.488000 0.091356
2.492000 0.091509
2.496000 0.091553
2.500000 0.091647
2.504000 0.091855
2.508000 0.091931
2.512000 0.091992
2.516000 0.092047
2.520000 0.092058
2.524000 0.092147
2.528000 0.092406
2.532000 0.092642
2.536000 0.092682
2.540000 0.092639
2.544000 0.092701
2.548000 0.092944
2.552000 0.093198
2.556000 0.093386
2.560000 0.093432
2.564000 0.093464
2.568000 0.093571
2.572000 0.093742
2.576000 0.093909
2.580000 0.094144
2.584000 0.094479
2.588000 0.094770
2.592000 0.095008
2.596000 0.095190
2.600000 0.095275
2.604000 0.095288
2.608000 0.095204
2.612000 0.095223
2.616000 0.095369
2.620000 0.095549
2.624000 0.095792
2.628000 0.096063
2.632000 0.096385
2.636000 0.096542
2.640000 0.096646
2.644000 0.096734
2.648000 0.096918
2.652000 0.097018
2.656000 0.097051
2.660000 0.097164
2.664000 0.097212
2.668000 0.097260
2.672000 0.097268
2.676000 0.097322
2.680000 0.097492
2.684000 0.097653
2.688000 0.097841
2.692000 0.098104
2.696000 0.098109
2.700000 0.098063
2.704000 0.097981
2.708000 0.097913
2.712000 0.097928
2.716000 0.098031
2.720000 0.098356
2.724000 0.098665
2.728000 0.098778
2.732000 0.098851
2.736000 0.098981
2.740000 0.099228
2.744000 0.099504
2.748000 0.099760
2.752000 0.100027
2.756000 0.100161
2.760000 0.100309
2.764000 0.100429
2.768000 0.100484
2.772000 0.100524
2.776000 0.100631
2.780000 0.100667
2.784000 0.100684
2.788000 0.100902
2.792000 0.101066
2.796000 0.101139
2.800000 0.101244
2.804000 0.101334
2.808000 0.101273
2.812000 0.101293
2.816000 0.101295
2.820000 0.101309
2.824000 0.101420
2.828000 0.101540
2.832000 0.101706
2.836000 0.101900
2.840000 0.101985
2.844000 0.102079
2.848000 0.102231
2.852000 0.102318
2.856000 0.102277
2.860000 0.102432
2.864000 0.102673
2.868000 0.102974
2.872000 0.103159
2.876000 0.103333
2.880000 0.103577
2.884000 0.103753
2.888000 0.103808
2.892000 0.103949
2.896000 0.104188
2.900000 0.104378
2.904000 0.104457
2.908000 0.104581
2.912000 0.104757
2.916000 0.104794
2.920000 0.104730
2.924000 0.104604
2.928000 0.104548
2.932000 0.104523
2.936000 0.104658
2.940000 0.104911
2.944000 0.105126
2.948000 0.105300
2.952000 0.105410
2.956000 0.105486
2.960000 0.105630
2.964000 0.105806
2.968000 0.105935
2.972000 0.106143
2.976000 0.106315
2.980000 0.106556
2.984000 0.106763
2.988000 0.107058
2.992000 0.107125
2.996000 0.107174
3.000000 0.107263
3.004000 0.107281
3.008000 0.107327
3.012000 0.107323
3.016000 0.107373
3.020000 0.107473
3.024000 0.107584
3.028000 0.107750
3.032000 0.107899
3.036000 0.107913
3.040000 0.107902
3.044000 0.107848
3.048000 0.108037
3.052000 0.108237
3.056000 0.108361
3.060000 0.108476
3.064000 0.108684
3.068000 0.108868
3.072000 0.109007
3.076000 0.109143
3.080000 0.109287
3.084000 0.109437
3.088000 0.109652
3.092000 0.109759
3.096000 0.109635
3.100000 0.109618
3.104000 0.109655
3.108000 0.109701
3.112000 0.109716
3.116000 0.109832
3.120000 0.109946
3.124000 0.109979
3.128000 0.109979
3.132000 0.110042
3.136000 0.110076
3.140000 0.110171
3.144000 0.110333
3.148000 0.110421
3.152000 0.110639
3.156000 0.110940
3.160000 0.111161
3.164000 0.111429
3.168000 0.111650
3.172000 0.111793
3.176000 0.111800
3.180000 0.111791
3.184000 0.111819
3.188000 0.111810
3.192000 0.111790
3.196000 0.111795
3.200000 0.111751
3.204000 0.111751
3.208000 0.111819
3.212000 0.112040
3.216000 0.112260
3.220000 0.112311
3.224000 0.112262
3.228000 0.112355
3.232000 0.112466
3.236000 0.112593
3.240000 0.112624
3.244000 0.112730
3.248000 0.112854
3.252000 0.112994
3.256000 0.113119
3.260000 0.113205
3.264000 0.113425
3.268000 0.113546
3.272000 0.113750
3.276000 0.113950
3.280000 0.114153
3.284000 0.114393
3.288000 0.114727
3.292000 0.115025
3.296000 0.115137
3.300000 0.115081
3.304000 0.115153
3.308000 0.115279
3.312000 0.115468
3.316000 0.115676
3.320000 0.115833
3.324000 0.116010
3.328000 0.116142
3.332000 0.116207
3.336000 0.116421
3.340000 0.116719
3.344000 0.116967
3.348000 0.117068
3.352000 0.117153
3.356000 0.117167
3.360000 0.117152
3.364000 0.117175
3.368000 0.117374
3.372000 0.117614
3.376000 0.117799
3.380000 0.117873
3.384000 0.118085
3.388000 0.118449
3.392000 0.118836
3.396000 0.119153
3.400000 0.119482
3.404000 0.119740
3.408000 0.119887
3.412000 0.120035
3.416000 0.120194
3.420000 0.120411
3.424000 0.120397
3.428000 0.120374
3.432000 0.120463
3.436000 0.120652
3.440000 0.120886
3.444000 0.121192
3.448000 0.121331
3.452000 0.121365
3.456000 0.121538
3.460000 0.121541
3.464000 0.121618
3.468000 0.121773
3.472000 0.121863
3.476000 0.121996
3.480000 0.122192
3.484000 0.122431
3.488000 0.122519
3.492000 0.122471
3.496000 0.122428
3.500000 0.122409
3.504000 0.122359
3.508000 0.122306
3.512000 0.122411
3.516000 0.122662
3.520000 0.122905
3.524000 0.123088
3.528000 0.123134
3.532000 0.123099
3.536000 0.123142
3.540000 0.123264
3.544000 0.123442
3.548000 0.123683
3.552000 0.123893
3.556000 0.124159
3.560000 0.124415
3.564000 0.124684
3.568000 0.124732
3.572000 0.124758
3.576000 0.124808
3.580000 0.124876
3.584000 0.125033
3.588000 0.125097
3.592000 0.125205
3.596000 0.125372
3.600000 0.125641
3.604000 0.125773
3.608000 0.125738
3.612000 0.125827
3.616000 0.125950
3.620000 0.126189
3.624000 0.126359
3.628000 0.126477
3.632000 0.126621
3.636000 0.126718
3.640000 0.126982
3.644000 0.127112
3.648000 0.127268
3.652000 0.127584
3.656000 0.127841
3.660000 0.128007
3.664000 0.128189
3.668000 0.128433
3.672000 0.128639
3.676000 0.128751
3.680000 0.128822
3.684000 0.128881
3.688000 0.129103
3.692000 0.129340
3.696000 0.129493
3.700000 0.129521
3.704000 0.129373
3.708000 0.129403
3.712000 0.129507
3.716000 0.129566
3.720000 0.129592
3.724000 0.129535
3.728000 0.129650
3.732000 0.129997
3.736000 0.130330
3.740000 0.130591
3.744000 0.130499
3.748000 0.130433
3.752000 0.130308
3.756000 0.130249
3.760000 0.130288
3.764000 0.130491
3.768000 0.130674
3.772000 0.130697
3.776000 0.130563
3.780000 0.130429
3.784000 0.130436
3.788000 0.130353
3.792000 0.130346
3.796000 0.130450
3.800000 0.130469
3.804000 0.130423
3.808000 0.130536
3.812000 0.130713
3.816000 0.130993
3.820000 0.131201
3.824000 0.131297
3.828000 0.131321
3.832000 0.131359
3.836000 0.131527
3.840000 0.131656
3.844000 0.131767
3.848000 0.131691
3.852000 0.131665
3.856000 0.131748
3.860000 0.131869
3.864000 0.131946
3.868000 0.131984
3.872000 0.132057
3.876000 0.132158
3.880000 0.132289
3.884000 0.132466
3.888000 0.132675
3.892000 0.132772
3.896000 0.132919
3.900000 0.132903
3.904000 0.132858
3.908000 0.132825
3.912000 0.132904
3.916000 0.133088
3.920000 0.133324
3.924000 0.133476
3.928000 0.133576
3.932000 0.133783
3.936000 0.134062
3.940000 0.134216
3.944000 0.134261
3.948000 0.134461
3.952000 0.134475
3.956000 0.134516
3.960000 0.134607
3.964000 0.134641
3.968000 0.134655
3.972000 0.134594
3.976000 0.134604
3.980000 0.134559
3.984000 0.134529
3.988000 0.134479
3.992000 0.134519
3.996000 0.134640
4.000000 0.134855
4.004000 0.135020
4.008000 0.134977
4.012000 0.134914
4.016000 0.135163
4.020000 0.135451
4.024000 0.135625
4.028000 0.135847
4.032000 0.136050
4.036000 0.136400
4.040000 0.136846
4.044000 0.137059
4.048000 0.137111
4.052000 0.137202
4.056000 0.137342
4.060000 0.137581
4.064000 0.137696
4.068000 0.137707
4.072000 0.137644
4.076000 0.137546
4.080000 0.137566
4.084000 0.137887
4.088000 0.138137
4.092000 0.138282
4.096000 0.138269
4.100000 0.138204
4.104000 0.138157
4.108000 0.138119
4.112000 0.138156
4.116000 0.138289
4.120000 0.138480
4.124000 0.138728
4.128000 0.138712
4.132000 0.138629
4.136000 0.138585
4.140000 0.138683
4.144000 0.138863
4.148000 0.138989
4.152000 0.139183
4.156000 0.139332
4.160000 0.139493
4.164000 0.139712
4.168000 0.139868
4.172000 0.140023
4.176000 0.140227
4.180000 0.140242
4.184000 0.140182
4.188000 0.140206
4.192000 0.140355
4.196000 0.140536
4.200000 0.140573
4.204000 0.140541
4.208000 0.140645
4.212000 0.140811
4.216000 0.140887
4.220000 0.140947
4.224000 0.140954
4.228000 0.140946
4.232000 0.140917
4.236000 0.140999
4.240000 0.141103
4.244000 0.141075
4.248000 0.141179
4.252000 0.141349
4.256000 0.141581
4.260000 0.141898
4.264000 0.142045
4.268000 0.142161
4.272000 0.142333
4.276000 0.142470
4.280000 0.142528
4.284000 0.142658
4.288000 0.142810
4.292000 0.143038
4.296000 0.143304
4.300000 0.143487
4.304000 0.143576
4.308000 0.143516
4.312000 0.143441
4.316000 0.143438
4.320000 0.143521
4.324000 0.143801
4.328000 0.143937
4.332000 0.144049
4.336000 0.144279
4.340000 0.144479
4.344000 0.144528
4.348000 0.144557
4.352000 0.144615
4.356000 0.144701
4.360000 0.144818
4.364000 0.144833
4.368000 0.144984
4.372000 0.145065
4.376000 0.145131
4.380000 0.145225
4.384000 0.145350
4.388000 0.145337
4.392000 0.145516
4.396000 0.145623
4.400000 0.145748
4.404000 0.145986
4.408000 0.146181
4.412000 0.146424
4.416000 0.146533
4.420000 0.146422
4.424000 0.146532
4.428000 0.146710
4.432000 0.146754
4.436000 0.146619
4.440000 0.146610
4.444000 0.146528
4.448000 0.146427
4.452000 0.146595
4.456000 0.146704
4.460000 0.146710
4.464000 0.146843
4.468000 0.146818
4.472000 0.146680
4.476000 0.146520
4.480000 0.146333
4.484000 0.146148
4.488000 0.146227
4.492000 0.146478
4.496000 0.146637
4.500000 0.146693
4.504000 0.146683
4.508000 0.146751
4.512000 0.146897
4.516000 0.147146
4.520000 0.147330
4.524000 0.147398
4.528000 0.147534
4.532000 0.147706
4.536000 0.147759
4.540000 0.147869
4.544000 0.148048
4.548000 0.148219
4.552000 0.148290
4.556000 0.148457
4.560000 0.148715
4.564000 0.148833
4.568000 0.148990
4.572000 0.149176
4.576000 0.149303
4.580000 0.149515
4.584000 0.149751
4.588000 0.149915
4.592000 0.149961
4.596000 0.149990
4.600000 0.150055
4.604000 0.150016
4.608000 0.149989
4.612000 0.150001
4.616000 0.150050
4.620000 0.150052
4.624000 0.150148
4.628000 0.150191
4.632000 0.150131
4.636000 0.150038
4.640000 0.150003
4.644000 0.150093
4.648000 0.150225
4.652000 0.150320
4.656000 0.150527
4.660000 0.150754
4.664000 0.150990
4.668000 0.151177
4.672000 0.151350
4.676000 0.151487
4.680000 0.151743
4.684000 0.151965
4.688000 0.152167
4.692000 0.152350
4.696000 0.152584
4.700000 0.152791
4.704000 0.152978
4.708000 0.153159
4.712000 0.153370
4.716000 0.153472
4.720000 0.153715
4.724000 0.153975
4.728000 0.154169
4.732000 0.154397
4.736000 0.154383
4.740000 0.154261
4.744000 0.154142
4.748000 0.154128
4.752000 0.154062
4.756000 0.153948
4.760000 0.153823
4.764000 0.153998
4.768000 0.154136
4.772000 0.154194
4.776000 0.154348
4.780000 0.154563
4.784000 0.154777
4.788000 0.154914
4.792000 0.154912
4.796000 0.154939
4.800000 0.154860
4.804000 0.154711
4.808000 0.154682
4.812000 0.154630
4.816000 0.154702
4.820000 0.154720
4.824000 0.154702
4.828000 0.154765
4.832000 0.154914
4.836000 0.155234
4.840000 0.155447
4.844000 0.155581
4.848000 0.155666
4.852000 0.155766
4.856000 0.156042
4.860000 0.156271
4.864000 0.156394
4.868000 0.156408
4.872000 0.156514
4.876000 0.156694
4.880000 0.156885
4.884000 0.157041
4.888000 0.157229
4.892000 0.157369
4.896000 0.157418
4.900000 0.157331
4.904000 0.157208
4.908000 0.157092
4.912000 0.157068
4.916000 0.157057
4.920000 0.157110
4.924000 0.157231
4.928000 0.157355
4.932000 0.157446
4.936000 0.157618
4.940000 0.157722
4.944000 0.157789
4.948000 0.157741
4.952000 0.157796
4.956000 0.157995
4.960000 0.158070
4.964000 0.158119
4.968000 0.158077
4.972000 0.158081
4.976000 0.158162
4.980000 0.158408
4.984000 0.158765
4.988000 0.159111
4.992000 0.159287
4.996000 0.159599
