0.012000 0.001588
0.016000 0.002115
0.020000 0.002610
0.024000 0.003095
0.028000 0.003561
0.032000 0.004066
0.036000 0.004568
0.040000 0.005016
0.044000 0.005490
0.048000 0.005942
0.052000 0.006334
0.056000 0.006697
0.060000 0.007123
0.064000 0.007611
0.068000 0.008099
0.072000 0.008538
0.076000 0.008923
0.080000 0.009315
0.084000 0.009748
0.088000 0.010207
0.092000 0.010683
0.096000 0.011104
0.100000 0.011524
0.104000 0.011937
0.108000 0.012319
0.112000 0.012748
0.116000 0.013249
0.120000 0.013777
0.124000 0.014204
0.128000 0.014586
0.132000 0.015005
0.136000 0.015408
0.140000 0.015794
0.144000 0.016171
0.148000 0.016553
0.152000 0.016997
0.156000 0.017473
0.160000 0.017973
0.164000 0.018390
0.168000 0.018812
0.172000 0.019289
0.176000 0.019766
0.180000 0.020186
0.184000 0.020580
0.188000 0.020858
0.192000 0.021186
0.196000 0.021516
0.200000 0.021934
0.204000 0.022379
0.208000 0.022933
0.212000 0.023465
0.216000 0.023964
0.220000 0.024413
0.224000 0.024832
0.228000 0.025240
0.232000 0.025664
0.236000 0.026119
0.240000 0.026579
0.244000 0.027006
0.248000 0.027404
0.252000 0.027965
0.256000 0.028500
0.260000 0.028916
0.264000 0.029349
0.268000 0.029879
0.272000 0.030260
0.276000 0.030696
0.280000 0.031333
0.284000 0.031928
0.288000 0.032373
0.292000 0.032753
0.296000 0.033196
0.300000 0.033644
0.304000 0.034102
0.308000 0.034535
0.312000 0.034987
0.316000 0.035404
0.320000 0.035806
0.324000 0.036198
0.328000 0.036577
0.332000 0.036880
0.336000 0.037222
0.340000 0.037733
0.344000 0.038185
0.348000 0.038545
0.352000 0.038924
0.356000 0.039386
0.360000 0.039780
0.364000 0.040117
0.368000 0.040536
0.372000 0.040959
0.376000 0.041495
0.380000 0.041992
0.384000 0.042432
0.388000 0.042858
0.392000 0.043351
0.396000 0.043888
0.400000 0.044302
0.404000 0.044687
0.408000 0.045032
0.412000 0.045344
0.416000 0.045761
0.420000 0.046258
0.424000 0.046735
0.428000 0.047171
0.432000 0.047583
0.436000 0.048036
0.440000 0.048468
0.444000 0.048942
0.448000 0.049424
0.452000 0.049807
0.456000 0.050157
0.460000 0.050544
0.464000 0.050985
0.468000 0.051353
0.472000 0.051850
0.476000 0.052438
0.480000 0.052809
0.484000 0.053139
0.488000 0.053410
0.492000 0.053658
0.496000 0.054101
0.500000 0.054625
0.504000 0.055135
0.508000 0.055518
0.512000 0.055856
0.516000 0.056222
0.520000 0.056691
0.524000 0.057270
0.528000 0.057762
0.532000 0.058213
0.536000 0.058665
0.540000 0.059257
0.544000 0.059827
0.548000 0.060321
0.552000 0.060901
0.556000 0.061473
0.560000 0.061898
0.564000 0.062310
0.568000 0.062752
0.572000 0.063395
0.576000 0.064151
0.580000 0.064679
0.584000 0.065077
0.588000 0.065392
0.592000 0.065895
0.596000 0.066510
0.600000 0.067031
0.604000 0.067555
0.608000 0.068008
0.612000 0.068382
0.616000 0.068803
0.620000 0.069319
0.624000 0.069793
0.628000 0.069988
0.632000 0.070277
0.636000 0.070593
0.640000 0.070958
0.644000 0.071470
0.648000 0.071971
0.652000 0.072337
0.656000 0.072641
0.660000 0.072940
0.664000 0.073345
0.668000 0.073782
0.672000 0.074150
0.676000 0.074496
0.680000 0.075087
0.684000 0.075536
0.688000 0.075878
0.692000 0.076358
0.696000 0.076800
0.700000 0.077204
0.704000 0.077725
0.708000 0.078074
0.712000 0.078351
0.716000 0.078937
0.720000 0.079584
0.724000 0.079769
0.728000 0.080035
0.732000 0.080418
0.736000 0.080885
0.740000 0.081475
0.744000 0.082062
0.748000 0.082820
0.752000 0.083450
0.756000 0.083887
0.760000 0.084097
0.764000 0.084496
0.768000 0.084942
0.772000 0.085471
0.776000 0.086005
0.780000 0.086537
0.784000 0.087047
0.788000 0.087546
0.792000 0.088186
0.796000 0.088565
0.800000 0.088945
0.804000 0.089352
0.808000 0.089773
0.812000 0.090192
0.816000 0.090691
0.820000 0.091108
0.824000 0.091493
0.828000 0.091966
0.832000 0.092427
0.836000 0.092921
0.840000 0.093383
0.844000 0.093992
0.848000 0.094767
0.852000 0.095359
0.856000 0.095864
0.860000 0.096397
0.864000 0.096749
0.868000 0.096847
0.872000 0.097127
0.876000 0.097694
0.880000 0.098195
0.884000 0.098488
0.888000 0.098836
0.892000 0.099317
0.896000 0.099768
0.900000 0.100422
0.904000 0.101065
0.908000 0.101540
0.912000 0.101890
0.916000 0.102468
0.920000 0.103188
0.924000 0.103567
0.928000 0.104067
0.932000 0.104714
0.936000 0.105236
0.940000 0.105868
0.944000 0.106589
0.948000 0.106998
0.952000 0.107197
0.956000 0.107394
0.960000 0.107690
0.964000 0.108044
0.968000 0.108469
0.972000 0.108887
0.976000 0.109173
0.980000 0.109455
0.984000 0.109711
0.988000 0.109960
0.992000 0.110257
0.996000 0.110472
1.000000 0.110760
1.004000 0.111186
1.008000 0.111383
1.012000 0.111486
1.016000 0.111712
1.020000 0.111973
1.024000 0.112198
1.028000 0.112525
1.032000 0.113008
1.036000 0.113581
1.040000 0.114224
1.044000 0.114623
1.048000 0.114873
1.052000 0.115129
1.056000 0.115388
1.060000 0.115703
1.064000 0.116131
1.068000 0.116507
1.072000 0.116923
1.076000 0.117551
1.080000 0.118244
1.084000 0.118866
1.088000 0.119239
1.092000 0.119350
1.096000 0.119376
1.100000 0.119499
1.104000 0.119822
1.108000 0.120236
1.112000 0.120720
1.116000 0.121061
1.120000 0.121452
1.124000 0.121646
1.128000 0.121963
1.132000 0.122412
1.136000 0.122869
1.140000 0.123533
1.144000 0.124101
1.148000 0.124581
1.152000 0.125087
1.156000 0.125678
1.160000 0.126192
1.164000 0.126467
1.168000 0.126912
1.172000 0.127452
1.176000 0.128219
1.180000 0.128999
1.184000 0.129523
1.188000 0.129965
1.192000 0.130426
1.196000 0.130889
1.200000 0.131284
1.204000 0.131714
1.208000 0.132208
1.212000 0.132698
1.216000 0.132978
1.220000 0.133445
1.224000 0.134079
1.228000 0.134520
1.232000 0.134844
1.236000 0.135356
1.240000 0.135880
1.244000 0.136199
1.248000 0.136299
1.252000 0.136482
1.256000 0.136857
1.260000 0.137122
1.264000 0.137584
1.268000 0.138139
1.272000 0.138678
1.276000 0.139181
1.280000 0.139260
1.284000 0.139475
1.288000 0.139647
1.292000 0.139812
1.296000 0.140336
1.300000 0.140865
1.304000 0.140968
1.308000 0.141202
1.312000 0.141655
1.316000 0.142126
1.320000 0.142774
1.324000 0.143473
1.328000 0.143760
1.332000 0.144221
1.336000 0.144734
1.340000 0.144864
1.344000 0.144750
1.348000 0.144933
1.352000 0.145272
1.356000 0.145585
1.360000 0.146103
1.364000 0.146655
1.368000 0.147128
1.372000 0.147617
1.376000 0.148208
1.380000 0.148625
1.384000 0.148888
1.388000 0.149270
1.392000 0.149532
1.396000 0.149883
1.400000 0.150445
1.404000 0.150950
1.408000 0.151457
1.412000 0.152084
1.416000 0.152625
1.420000 0.153265
1.424000 0.153955
1.428000 0.154680
1.432000 0.155282
1.436000 0.155525
1.440000 0.155809
1.444000 0.156078
1.448000 0.156334
1.452000 0.156738
1.456000 0.157244
1.460000 0.157607
1.464000 0.157817
1.468000 0.158145
1.472000 0.158420
1.476000 0.158674
1.480000 0.159064
1.484000 0.159393
1.488000 0.159844
1.492000 0.160226
1.496000 0.160353
1.500000 0.160748
1.504000 0.161353
1.508000 0.161924
1.512000 0.162283
1.516000 0.162723
1.520000 0.162960
1.524000 0.163042
1.528000 0.163173
1.532000 0.163300
1.536000 0.163500
1.540000 0.163809
1.544000 0.164314
1.548000 0.164902
1.552000 0.165219
1.556000 0.165424
1.560000 0.165757
1.564000 0.166314
1.568000 0.166757
1.572000 0.167120
1.576000 0.167295
1.580000 0.167524
1.584000 0.167673
1.588000 0.167866
1.592000 0.168340
1.596000 0.168838
1.600000 0.169504
1.604000 0.170177
1.608000 0.170823
1.612000 0.171326
1.616000 0.171569
1.620000 0.171582
1.624000 0.172114
1.628000 0.172657
1.632000 0.173168
1.636000 0.173784
1.640000 0.174228
1.644000 0.174851
1.648000 0.175572
1.652000 0.176304
1.656000 0.177312
1.660000 0.178126
1.664000 0.178742
1.668000 0.179183
1.672000 0.179627
1.676000 0.180324
1.680000 0.181274
1.684000 0.182002
1.688000 0.182767
1.692000 0.183617
1.696000 0.184073
1.700000 0.184483
1.704000 0.185262
1.708000 0.186122
1.712000 0.187126
1.716000 0.187858
1.720000 0.188277
1.724000 0.188836
1.728000 0.189301
1.732000 0.189684
1.736000 0.189954
1.740000 0.190140
1.744000 0.190640
1.748000 0.191184
1.752000 0.191461
1.756000 0.191489
1.760000 0.191836
1.764000 0.192445
1.768000 0.192975
1.772000 0.193325
1.776000 0.193620
1.780000 0.194063
1.784000 0.194478
1.788000 0.195174
1.792000 0.196052
1.796000 0.196946
1.800000 0.197787
1.804000 0.198333
1.808000 0.198819
1.812000 0.199394
1.816000 0.200089
1.820000 0.200560
1.824000 0.201049
1.828000 0.201561
1.832000 0.201652
1.836000 0.201564
1.840000 0.201742
1.844000 0.202173
1.848000 0.202877
1.852000 0.203718
1.856000 0.204169
1.860000 0.204450
1.864000 0.204944
1.868000 0.205483
1.872000 0.205896
1.876000 0.205919
1.880000 0.205823
1.884000 0.206124
1.888000 0.206890
1.892000 0.207556
1.896000 0.208124
1.900000 0.208543
1.904000 0.208638
1.908000 0.208930
1.912000 0.209200
1.916000 0.209627
1.920000 0.210049
1.924000 0.210288
1.928000 0.210539
1.932000 0.210737
1.936000 0.211117
1.940000 0.211845
1.944000 0.212660
1.948000 0.213431
1.952000 0.213801
1.956000 0.214237
1.960000 0.214520
1.964000 0.214785
1.968000 0.215180
1.972000 0.215547
1.976000 0.216099
1.980000 0.216410
1.984000 0.216489
1.988000 0.217074
1.992000 0.217621
1.996000 0.218142
2.000000 0.218279
2.004000 0.218407
2.008000 0.218550
2.012000 0.218958
2.016000 0.219602
2.020000 0.219978
2.024000 0.220369
2.028000 0.220954
2.032000 0.221458
2.036000 0.222207
2.040000 0.222762
2.044000 0.223020
2.048000 0.223449
2.052000 0.224083
2.056000 0.224620
2.060000 0.225250
2.064000 0.226073
2.068000 0.226793
2.072000 0.227359
2.076000 0.227688
2.080000 0.228168
2.084000 0.228782
2.088000 0.229191
2.092000 0.229663
2.096000 0.230149
2.100000 0.230874
2.104000 0.231353
2.108000 0.231868
2.112000 0.232297
2.116000 0.232448
2.120000 0.232960
2.124000 0.233703
2.128000 0.234348
2.132000 0.234896
2.136000 0.235295
2.140000 0.235775
2.144000 0.236457
2.148000 0.236758
2.152000 0.237020
2.156000 0.237504
2.160000 0.237871
2.164000 0.238322
2.168000 0.238526
2.172000 0.238587
2.176000 0.238719
2.180000 0.238956
2.184000 0.239146
2.188000 0.239115
2.192000 0.239397
2.196000 0.240023
2.200000 0.240660
2.204000 0.241426
2.208000 0.241989
2.212000 0.242442
2.216000 0.242748
2.220000 0.242897
2.224000 0.243144
2.228000 0.243722
2.232000 0.244197
2.236000 0.244562
2.240000 0.244758
2.244000 0.244879
2.248000 0.245371
2.252000 0.245860
2.256000 0.246264
2.260000 0.246427
2.264000 0.246678
2.268000 0.247445
2.272000 0.248065
2.276000 0.248347
2.280000 0.248738
2.284000 0.249178
2.288000 0.249636
2.292000 0.249909
2.296000 0.249835
2.300000 0.249689
2.304000 0.249807
2.308000 0.250056
2.312000 0.250196
2.316000 0.250452
2.320000 0.250908
2.324000 0.251439
2.328000 0.251858
2.332000 0.252139
2.336000 0.252708
2.340000 0.253168
2.344000 0.253550
2.348000 0.253839
2.352000 0.254186
2.356000 0.254676
2.360000 0.254856
2.364000 0.254971
2.368000 0.255378
2.372000 0.255890
2.376000 0.256591
2.380000 0.257388
2.384000 0.258401
2.388000 0.259136
2.392000 0.259484
2.396000 0.259693
2.400000 0.260513
2.404000 0.261374
2.408000 0.261879
2.412000 0.262187
2.416000 0.262303
2.420000 0.262682
2.424000 0.263094
2.428000 0.263432
2.432000 0.263530
2.436000 0.263828
2.440000 0.264316
2.444000 0.264817
2.448000 0.265415
2.452000 0.266307
2.456000 0.267212
2.460000 0.267794
2.464000 0.268173
2.468000 0.268549
2.472000 0.269140
2.476000 0.269566
2.480000 0.269811
2.484000 0.269956
2.488000 0.270107
2.492000 0.270446
2.496000 0.270998
2.500000 0.271460
2.504000 0.271676
2.508000 0.271686
2.512000 0.272062
2.516000 0.272549
2.520000 0.272629
2.524000 0.272962
2.528000 0.273262
2.532000 0.273461
2.536000 0.273566
2.540000 0.274062
2.544000 0.274974
2.548000 0.275731
2.552000 0.276268
2.556000 0.276783
2.560000 0.277075
2.564000 0.277590
2.568000 0.278232
2.572000 0.278832
2.576000 0.279302
2.580000 0.279642
2.584000 0.280130
2.588000 0.280575
2.592000 0.280985
2.596000 0.281456
2.600000 0.282015
2.604000 0.282624
2.608000 0.283150
2.612000 0.283153
2.616000 0.283254
2.620000 0.283605
2.624000 0.283888
2.628000 0.283848
2.632000 0.283862
2.636000 0.284312
2.640000 0.284685
2.644000 0.284977
2.648000 0.285384
2.652000 0.285820
2.656000 0.286257
2.660000 0.286364
2.664000 0.286220
2.668000 0.286287
2.672000 0.286359
2.676000 0.286545
2.680000 0.286844
2.684000 0.286847
2.688000 0.287340
2.692000 0.288445
2.696000 0.288945
2.700000 0.289124
2.704000 0.289398
2.708000 0.289591
2.712000 0.289667
2.716000 0.289648
2.720000 0.289964
2.724000 0.290687
2.728000 0.291212
2.732000 0.291695
2.736000 0.292252
2.740000 0.292372
2.744000 0.292541
2.748000 0.292988
2.752000 0.293520
2.756000 0.294269
2.760000 0.295112
2.764000 0.295709
2.768000 0.295691
2.772000 0.295715
2.776000 0.296098
2.780000 0.296701
2.784000 0.297309
2.788000 0.297732
2.792000 0.297982
2.796000 0.298212
2.800000 0.298643
2.804000 0.299066
2.808000 0.299145
2.812000 0.299364
2.816000 0.299481
2.820000 0.299954
2.824000 0.300491
2.828000 0.300676
2.832000 0.300841
2.836000 0.301342
2.840000 0.302167
2.844000 0.302950
2.848000 0.303506
2.852000 0.303623
2.856000 0.304058
2.860000 0.304713
2.864000 0.304684
2.868000 0.304435
2.872000 0.304399
2.876000 0.304612
2.880000 0.305245
2.884000 0.306114
2.888000 0.306282
2.892000 0.306199
2.896000 0.306172
2.900000 0.306325
2.904000 0.306660
2.908000 0.307518
2.912000 0.308251
2.916000 0.308409
2.920000 0.308461
2.924000 0.308920
2.928000 0.309327
2.932000 0.309442
2.936000 0.309872
2.940000 0.310184
2.944000 0.310390
2.948000 0.310928
2.952000 0.311764
2.956000 0.312724
2.960000 0.313399
2.964000 0.313674
2.968000 0.313953
2.972000 0.314262
2.976000 0.314701
2.980000 0.315115
2.984000 0.315558
2.988000 0.316160
2.992000 0.316870
2.996000 0.317442
3.000000 0.317885
3.004000 0.318044
3.008000 0.318100
3.012000 0.318299
3.016000 0.318551
3.020000 0.318795
3.024000 0.318922
3.028000 0.318841
3.032000 0.319188
3.036000 0.319744
3.040000 0.320298
3.044000 0.320683
3.048000 0.320916
3.052000 0.321164
3.056000 0.321788
3.060000 0.322212
3.064000 0.322466
3.068000 0.322888
3.072000 0.323524
3.076000 0.324073
3.080000 0.324475
3.084000 0.324665
3.088000 0.325113
3.092000 0.325666
3.096000 0.326523
3.100000 0.327302
3.104000 0.327504
3.108000 0.327632
3.112000 0.328107
3.116000 0.328468
3.120000 0.328796
3.124000 0.329261
3.128000 0.330008
3.132000 0.330729
3.136000 0.331178
3.140000 0.331723
3.144000 0.332305
3.148000 0.332596
3.152000 0.332692
3.156000 0.332809
3.160000 0.333392
3.164000 0.334301
3.168000 0.335082
3.172000 0.335618
3.176000 0.336099
3.180000 0.336536
3.184000 0.337197
3.188000 0.338072
3.192000 0.338750
3.196000 0.339129
3.200000 0.339245
3.204000 0.338860
3.208000 0.338720
3.212000 0.338823
3.216000 0.339240
3.220000 0.340078
3.224000 0.340960
3.228000 0.341306
3.232000 0.341333
3.236000 0.341939
3.240000 0.343005
3.244000 0.344085
3.248000 0.345043
3.252000 0.345363
3.256000 0.345694
3.260000 0.346299
3.264000 0.347195
3.268000 0.347871
3.272000 0.348112
3.276000 0.348644
3.280000 0.349120
3.284000 0.349338
3.288000 0.349352
3.292000 0.349541
3.296000 0.349878
3.300000 0.350006
3.304000 0.350239
3.308000 0.350494
3.312000 0.350762
3.316000 0.350956
3.320000 0.351293
3.324000 0.351766
3.328000 0.352144
3.332000 0.352447
3.336000 0.352749
3.340000 0.352908
3.344000 0.353293
3.348000 0.353629
3.352000 0.354101
3.356000 0.354856
3.360000 0.355898
3.364000 0.357071
3.368000 0.357735
3.372000 0.357908
3.376000 0.357810
3.380000 0.358090
3.384000 0.358829
3.388000 0.359353
3.392000 0.359664
3.396000 0.359933
3.400000 0.360371
3.404000 0.360873
3.408000 0.361041
3.412000 0.361074
3.416000 0.360817
3.420000 0.360905
3.424000 0.361614
3.428000 0.362113
3.432000 0.362403
3.436000 0.363132
3.440000 0.363906
3.444000 0.364523
3.448000 0.365025
3.452000 0.365072
3.456000 0.365564
3.460000 0.366504
3.464000 0.367223
3.468000 0.367766
3.472000 0.368383
3.476000 0.368904
3.480000 0.369409
3.484000 0.369984
3.488000 0.370536
3.492000 0.370692
3.496000 0.370746
3.500000 0.371252
3.504000 0.372007
3.508000 0.372549
3.512000 0.373272
3.516000 0.374171
3.520000 0.375204
3.524000 0.376065
3.528000 0.376288
3.532000 0.376351
3.536000 0.376512
3.540000 0.376949
3.544000 0.377340
3.548000 0.378087
3.552000 0.378788
3.556000 0.378993
3.560000 0.379483
3.564000 0.380237
3.568000 0.380971
3.572000 0.381489
3.576000 0.381970
3.580000 0.382209
3.584000 0.382663
3.588000 0.383403
3.592000 0.384085
3.596000 0.384887
3.600000 0.385565
3.604000 0.386068
3.608000 0.386234
3.612000 0.386363
3.616000 0.386599
3.620000 0.387074
3.624000 0.387364
3.628000 0.387755
3.632000 0.388482
3.636000 0.388806
3.640000 0.388862
3.644000 0.389208
3.648000 0.389673
3.652000 0.389873
3.656000 0.390087
3.660000 0.390130
3.664000 0.389599
3.668000 0.389370
3.672000 0.389971
3.676000 0.390674
3.680000 0.391161
3.684000 0.391506
3.688000 0.391905
3.692000 0.392637
3.696000 0.393305
3.700000 0.393696
3.704000 0.394017
3.708000 0.394603
3.712000 0.395032
3.716000 0.395440
3.720000 0.395683
3.724000 0.396037
3.728000 0.396733
3.732000 0.397337
3.736000 0.397915
3.740000 0.398648
3.744000 0.399105
3.748000 0.399412
3.752000 0.399475
3.756000 0.399453
3.760000 0.399819
3.764000 0.400101
3.768000 0.400457
3.772000 0.401153
3.776000 0.402134
3.780000 0.402725
3.784000 0.402899
3.788000 0.403144
3.792000 0.403668
3.796000 0.404077
3.800000 0.404670
3.804000 0.405343
3.808000 0.405971
3.812000 0.406584
3.816000 0.407334
3.820000 0.408182
3.824000 0.408768
3.828000 0.408988
3.832000 0.408950
3.836000 0.409108
3.840000 0.409492
3.844000 0.409798
3.848000 0.410514
3.852000 0.411189
3.856000 0.411430
3.860000 0.411697
3.864000 0.412124
3.868000 0.412526
3.872000 0.412803
3.876000 0.413676
3.880000 0.414770
3.884000 0.415535
3.888000 0.416226
3.892000 0.416652
3.896000 0.416929
3.900000 0.417342
3.904000 0.418041
3.908000 0.418494
3.912000 0.419075
3.916000 0.419676
3.920000 0.419750
3.924000 0.420003
3.928000 0.420546
3.932000 0.421206
3.936000 0.421911
3.940000 0.422629
3.944000 0.423145
3.948000 0.423486
3.952000 0.423804
3.956000 0.424031
3.960000 0.424619
3.964000 0.424686
3.968000 0.424856
3.972000 0.425201
3.976000 0.425272
3.980000 0.424906
3.984000 0.425059
3.988000 0.425140
3.992000 0.425203
3.996000 0.425171
4.000000 0.425669
4.004000 0.426196
4.008000 0.426581
4.012000 0.427334
4.016000 0.428011
4.020000 0.428591
4.024000 0.429587
4.028000 0.430214
4.032000 0.430866
4.036000 0.431863
4.040000 0.432269
4.044000 0.432613
4.048000 0.433438
4.052000 0.433871
4.056000 0.434066
4.060000 0.434640
4.064000 0.435240
4.068000 0.435651
4.072000 0.435764
4.076000 0.435935
4.080000 0.436150
4.084000 0.436716
4.088000 0.437143
4.092000 0.437796
4.096000 0.439104
4.100000 0.440475
4.104000 0.441412
4.108000 0.442023
4.112000 0.442660
4.116000 0.443160
4.120000 0.443716
4.124000 0.444201
4.128000 0.444943
4.132000 0.445361
4.136000 0.445201
4.140000 0.445304
4.144000 0.445722
4.148000 0.446185
4.152000 0.446351
4.156000 0.446659
4.160000 0.447212
4.164000 0.447774
4.168000 0.448392
4.172000 0.449030
4.176000 0.449853
4.180000 0.450555
4.184000 0.450943
4.188000 0.451288
4.192000 0.451973
4.196000 0.452855
4.200000 0.453862
4.204000 0.454389
4.208000 0.454394
4.212000 0.454582
4.216000 0.455220
4.220000 0.455954
4.224000 0.456571
4.228000 0.457159
4.232000 0.458187
4.236000 0.459459
4.240000 0.460583
4.244000 0.461292
4.248000 0.461780
4.252000 0.462308
4.256000 0.463152
4.260000 0.463648
4.264000 0.464118
4.268000 0.464641
4.272000 0.464781
4.276000 0.465118
4.280000 0.465325
4.284000 0.465232
4.288000 0.465437
4.292000 0.466121
4.296000 0.466736
4.300000 0.467213
4.304000 0.467748
4.308000 0.468123
4.312000 0.468277
4.316000 0.468760
4.320000 0.469329
4.324000 0.469634
4.328000 0.469843
4.332000 0.470325
4.336000 0.470935
4.340000 0.471088
4.344000 0.470961
4.348000 0.470735
4.352000 0.471011
4.356000 0.472064
4.360000 0.473072
4.364000 0.473710
4.368000 0.473899
4.372000 0.474201
4.376000 0.474753
4.380000 0.475691
4.384000 0.476916
4.388000 0.478219
4.392000 0.479011
4.396000 0.479193
4.400000 0.479216
4.404000 0.479790
4.408000 0.480502
4.412000 0.481050
4.416000 0.481431
4.420000 0.481804
4.424000 0.481992
4.428000 0.482420
4.432000 0.483123
4.436000 0.483641
4.440000 0.484142
4.444000 0.484443
4.448000 0.484802
4.452000 0.485320
4.456000 0.485704
4.460000 0.485934
4.464000 0.485715
4.468000 0.485445
4.472000 0.485296
4.476000 0.485381
4.480000 0.485538
4.484000 0.486332
4.488000 0.487425
4.492000 0.488189
4.496000 0.488583
4.500000 0.489177
4.504000 0.489942
4.508000 0.490595
4.512000 0.491049
4.516000 0.491514
4.520000 0.492142
4.524000 0.492880
4.528000 0.493658
4.532000 0.494016
4.536000 0.494073
4.540000 0.494439
4.544000 0.494907
4.548000 0.495795
4.552000 0.497003
4.556000 0.498113
4.560000 0.498860
4.564000 0.498993
4.568000 0.499178
4.572000 0.499631
4.576000 0.499894
4.580000 0.500203
4.584000 0.500639
4.588000 0.500867
4.592000 0.501194
4.596000 0.501641
4.600000 0.501641
4.604000 0.501530
4.608000 0.501281
4.612000 0.501248
4.616000 0.501419
4.620000 0.501892
4.624000 0.502640
4.628000 0.503027
4.632000 0.503502
4.636000 0.503359
4.640000 0.503178
4.644000 0.503547
4.648000 0.504073
4.652000 0.504522
4.656000 0.504460
4.660000 0.504629
4.664000 0.505058
4.668000 0.505260
4.672000 0.506013
4.676000 0.507231
4.680000 0.508317
4.684000 0.509558
4.688000 0.510886
4.692000 0.511915
4.696000 0.512315
4.700000 0.512779
4.704000 0.513534
4.708000 0.513710
4.712000 0.512905
4.716000 0.511837
4.720000 0.511921
4.724000 0.512474
4.728000 0.512767
4.732000 0.513291
4.736000 0.513522
4.740000 0.513439
4.744000 0.513250
4.748000 0.513337
4.752000 0.513729
4.756000 0.514272
4.760000 0.515533
4.764000 0.516882
4.768000 0.517956
4.772000 0.518812
4.776000 0.520119
4.780000 0.521062
4.784000 0.521429
4.788000 0.521858
4.792000 0.522519
4.796000 0.522736
4.800000 0.522885
4.804000 0.523062
4.808000 0.523638
4.812000 0.524101
4.816000 0.524517
4.820000 0.524767
4.824000 0.524848
4.828000 0.524959
4.832000 0.525095
4.836000 0.525075
4.840000 0.524871
4.844000 0.525427
4.848000 0.526219
4.852000 0.526875
4.856000 0.527369
4.860000 0.527865
4.864000 0.528429
4.868000 0.529151
4.872000 0.529306
4.876000 0.528872
4.880000 0.529011
4.884000 0.529734
4.888000 0.530369
4.892000 0.530721
4.896000 0.530845
4.900000 0.531075
4.904000 0.531688
4.908000 0.531929
4.912000 0.531985
4.916000 0.532282
4.920000 0.532634
4.924000 0.532638
4.928000 0.532866
4.932000 0.533604
4.936000 0.534645
4.940000 0.535637
4.944000 0.536068
4.948000 0.536073
4.952000 0.536363
4.956000 0.536886
4.960000 0.537525
4.964000 0.538015
4.968000 0.538152
4.972000 0.538152
4.976000 0.538372
4.980000 0.538614
4.984000 0.539358
4.988000 0.540047
4.992000 0.540415
4.996000 0.540594
