0.012000 0.001708
0.016000 0.002286
0.020000 0.002899
0.024000 0.003516
0.028000 0.004056
0.032000 0.004582
0.036000 0.005164
0.040000 0.005760
0.044000 0.006334
0.048000 0.006902
0.052000 0.007443
0.056000 0.007973
0.060000 0.008545
0.064000 0.009138
0.068000 0.009701
0.072000 0.010245
0.076000 0.010794
0.080000 0.011349
0.084000 0.011825
0.088000 0.012223
0.092000 0.012689
0.096000 0.013237
0.100000 0.013750
0.104000 0.014212
0.108000 0.014637
0.112000 0.014997
0.116000 0.015426
0.120000 0.016014
0.124000 0.016558
0.128000 0.016973
0.132000 0.017440
0.136000 0.018106
0.140000 0.018738
0.144000 0.019183
0.148000 0.019639
0.152000 0.020202
0.156000 0.020769
0.160000 0.021421
0.164000 0.022073
0.168000 0.022522
0.172000 0.022970
0.176000 0.023422
0.180000 0.023873
0.184000 0.024379
0.188000 0.024889
0.192000 0.025464
0.196000 0.026049
0.200000 0.026639
0.204000 0.027229
0.208000 0.027674
0.212000 0.028072
0.216000 0.028503
0.220000 0.028946
0.224000 0.029428
0.228000 0.029931
0.232000 0.030457
0.236000 0.030998
0.240000 0.031570
0.244000 0.032167
0.248000 0.032763
0.252000 0.033359
0.256000 0.033865
0.260000 0.034264
0.264000 0.034645
0.268000 0.035002
0.272000 0.035365
0.276000 0.035739
0.280000 0.036154
0.284000 0.036660
0.288000 0.037220
0.292000 0.037933
0.296000 0.038617
0.300000 0.039189
0.304000 0.039758
0.308000 0.040319
0.312000 0.040874
0.316000 0.041386
0.320000 0.041913
0.324000 0.042674
0.328000 0.043431
0.332000 0.043829
0.336000 0.044227
0.340000 0.044829
0.344000 0.045439
0.348000 0.045950
0.352000 0.046452
0.356000 0.046831
0.360000 0.047190
0.364000 0.047681
0.368000 0.048202
0.372000 0.048731
0.376000 0.049262
0.380000 0.049948
0.384000 0.050697
0.388000 0.051203
0.392000 0.051585
0.396000 0.051934
0.400000 0.052263
0.404000 0.052526
0.408000 0.052738
0.412000 0.053176
0.416000 0.053830
0.420000 0.054453
0.424000 0.055040
0.428000 0.055585
0.432000 0.056072
0.436000 0.056533
0.440000 0.056948
0.444000 0.057284
0.448000 0.057447
0.452000 0.057694
0.456000 0.058178
0.460000 0.058695
0.464000 0.059334
0.468000 0.059933
0.472000 0.060324
0.476000 0.060733
0.480000 0.061274
0.484000 0.061799
0.488000 0.062079
0.492000 0.062361
0.496000 0.062655
0.500000 0.062949
0.504000 0.063610
0.508000 0.064284
0.512000 0.064784
0.516000 0.065268
0.520000 0.065603
0.524000 0.065916
0.528000 0.066389
0.532000 0.066897
0.536000 0.067241
0.540000 0.067535
0.544000 0.067789
0.548000 0.068028
0.552000 0.068456
0.556000 0.068978
0.560000 0.069411
0.564000 0.069789
0.568000 0.070221
0.572000 0.070694
0.576000 0.071047
0.580000 0.071289
0.584000 0.071590
0.588000 0.071958
0.592000 0.072603
0.596000 0.073633
0.600000 0.074472
0.604000 0.074983
0.608000 0.075543
0.612000 0.076210
0.616000 0.076699
0.620000 0.076702
0.624000 0.076773
0.628000 0.077086
0.632000 0.077434
0.636000 0.077951
0.640000 0.078457
0.644000 0.078876
0.648000 0.079308
0.652000 0.079902
0.656000 0.080492
0.660000 0.080922
0.664000 0.081351
0.668000 0.081262
0.672000 0.081157
0.676000 0.081393
0.680000 0.081658
0.684000 0.082141
0.688000 0.082656
0.692000 0.082885
0.696000 0.083051
0.700000 0.083327
0.704000 0.083635
0.708000 0.084222
0.712000 0.084916
0.716000 0.085221
0.720000 0.085335
0.724000 0.085681
0.728000 0.086166
0.732000 0.086723
0.736000 0.087333
0.740000 0.087918
0.744000 0.088481
0.748000 0.089045
0.752000 0.089610
0.756000 0.090065
0.760000 0.090370
0.764000 0.090765
0.768000 0.091314
0.772000 0.091806
0.776000 0.092180
0.780000 0.092602
0.784000 0.093148
0.788000 0.093679
0.792000 0.094153
0.796000 0.094651
0.800000 0.095258
0.804000 0.095827
0.808000 0.096124
0.812000 0.096408
0.816000 0.096530
0.820000 0.096660
0.824000 0.097101
0.828000 0.097543
0.832000 0.097971
0.836000 0.098400
0.840000 0.098596
0.844000 0.098773
0.848000 0.099067
0.852000 0.099379
0.856000 0.099591
0.860000 0.099782
0.864000 0.100007
0.868000 0.100241
0.872000 0.100697
0.876000 0.101237
0.880000 0.101563
0.884000 0.101789
0.888000 0.102089
0.892000 0.102435
0.896000 0.102809
0.900000 0.103206
0.904000 0.103604
0.908000 0.104006
0.912000 0.104437
0.916000 0.104901
0.920000 0.105045
0.924000 0.104764
0.928000 0.104835
0.932000 0.105483
0.936000 0.106082
0.940000 0.106579
0.944000 0.107033
0.948000 0.107380
0.952000 0.107814
0.956000 0.108542
0.960000 0.109214
0.964000 0.109635
0.968000 0.110047
0.972000 0.110397
0.976000 0.110771
0.980000 0.111408
0.984000 0.112039
0.988000 0.112462
0.992000 0.112884
0.996000 0.113228
1.000000 0.113570
1.004000 0.113778
1.008000 0.113976
1.012000 0.114382
1.016000 0.114817
1.020000 0.115038
1.024000 0.115215
1.028000 0.115642
1.032000 0.116138
1.036000 0.116429
1.040000 0.116644
1.044000 0.116620
1.048000 0.116484
1.052000 0.116552
1.056000 0.116739
1.060000 0.117040
1.064000 0.117421
1.068000 0.117581
1.072000 0.117549
1.076000 0.117761
1.080000 0.118233
1.084000 0.118439
1.088000 0.118298
1.092000 0.118320
1.096000 0.118604
1.100000 0.118837
1.104000 0.118969
1.108000 0.119128
1.112000 0.119355
1.116000 0.119637
1.120000 0.120099
1.124000 0.120569
1.128000 0.121079
1.132000 0.121597
1.136000 0.122161
1.140000 0.122708
1.144000 0.123060
1.148000 0.123408
1.152000 0.123672
1.156000 0.123936
1.160000 0.124422
1.164000 0.124910
1.168000 0.125300
1.172000 0.125684
1.176000 0.126129
1.180000 0.126582
1.184000 0.126836
1.188000 0.127051
1.192000 0.127611
1.196000 0.128264
1.200000 0.128838
1.204000 0.129383
1.208000 0.129645
1.212000 0.129779
1.216000 0.129973
1.220000 0.130201
1.224000 0.130344
1.228000 0.130427
1.232000 0.130775
1.236000 0.131351
1.240000 0.132028
1.244000 0.132811
1.248000 0.133396
1.252000 0.133726
1.256000 0.133945
1.260000 0.133991
1.264000 0.134176
1.268000 0.134634
1.272000 0.134967
1.276000 0.134994
1.280000 0.135074
1.284000 0.135324
1.288000 0.135553
1.292000 0.135694
1.296000 0.135807
1.300000 0.135746
1.304000 0.135690
1.308000 0.135685
1.312000 0.135689
1.316000 0.135895
1.320000 0.136100
1.324000 0.136567
1.328000 0.137036
1.332000 0.137485
1.336000 0.137933
1.340000 0.137863
1.344000 0.137729
1.348000 0.137621
1.352000 0.137518
1.356000 0.137661
1.360000 0.137868
1.364000 0.138158
1.368000 0.138476
1.372000 0.138747
1.376000 0.138998
1.380000 0.139024
1.384000 0.138924
1.388000 0.139127
1.392000 0.139537
1.396000 0.139764
1.400000 0.139836
1.404000 0.140105
1.408000 0.140575
1.412000 0.140980
1.416000 0.141303
1.420000 0.141544
1.424000 0.141660
1.428000 0.141917
1.432000 0.142443
1.436000 0.142919
1.440000 0.143275
1.444000 0.143638
1.448000 0.144023
1.452000 0.144344
1.456000 0.144400
1.460000 0.144452
1.464000 0.144478
1.468000 0.144551
1.472000 0.145062
1.476000 0.145555
1.480000 0.145691
1.484000 0.145826
1.488000 0.145963
1.492000 0.146100
1.496000 0.146368
1.500000 0.146644
1.504000 0.147138
1.508000 0.147658
1.512000 0.148118
1.516000 0.148568
1.520000 0.148610
1.524000 0.148548
1.528000 0.148782
1.532000 0.149117
1.536000 0.149362
1.540000 0.149568
1.544000 0.149691
1.548000 0.149769
1.552000 0.150246
1.556000 0.150992
1.560000 0.151384
1.564000 0.151483
1.568000 0.151479
1.572000 0.151370
1.576000 0.151403
1.580000 0.151610
1.584000 0.151868
1.588000 0.152201
1.592000 0.152442
1.596000 0.152513
1.600000 0.152611
1.604000 0.152774
1.608000 0.152911
1.612000 0.152972
1.616000 0.153077
1.620000 0.153355
1.624000 0.153610
1.628000 0.153736
1.632000 0.153876
1.636000 0.154138
1.640000 0.154393
1.644000 0.154531
1.648000 0.154669
1.652000 0.155213
1.656000 0.155758
1.660000 0.155932
1.664000 0.156086
1.668000 0.156552
1.672000 0.157052
1.676000 0.157379
1.680000 0.157675
1.684000 0.158149
1.688000 0.158666
1.692000 0.158828
1.696000 0.158872
1.700000 0.159170
1.704000 0.159575
1.708000 0.159866
1.712000 0.160098
1.716000 0.160109
1.720000 0.159976
1.724000 0.159925
1.728000 0.159941
1.732000 0.159889
1.736000 0.159771
1.740000 0.159745
1.744000 0.159827
1.748000 0.159788
1.752000 0.159568
1.756000 0.159571
1.760000 0.159980
1.764000 0.160261
1.768000 0.160248
1.772000 0.160312
1.776000 0.160605
1.780000 0.160900
1.784000 0.161201
1.788000 0.161472
1.792000 0.161576
1.796000 0.161672
1.800000 0.161701
1.804000 0.161723
1.808000 0.161609
1.812000 0.161498
1.816000 0.161883
1.820000 0.162268
1.824000 0.162512
1.828000 0.162749
1.832000 0.162874
1.836000 0.162988
1.840000 0.163204
1.844000 0.163437
1.848000 0.163639
1.852000 0.163832
1.856000 0.163832
1.860000 0.163769
1.864000 0.163925
1.868000 0.164172
1.872000 0.163822
1.876000 0.163163
1.880000 0.163005
1.884000 0.163172
1.888000 0.163463
1.892000 0.163853
1.896000 0.164176
1.900000 0.164433
1.904000 0.164634
1.908000 0.164770
1.912000 0.164857
1.916000 0.164875
1.920000 0.164997
1.924000 0.165305
1.928000 0.165538
1.932000 0.165603
1.936000 0.165630
1.940000 0.165550
1.944000 0.165552
1.948000 0.165863
1.952000 0.166184
1.956000 0.166564
1.960000 0.166913
1.964000 0.167010
1.968000 0.167118
1.972000 0.167391
1.976000 0.167663
1.980000 0.167954
1.984000 0.168245
1.988000 0.168284
1.992000 0.168312
1.996000 0.168307
2.000000 0.168299
2.004000 0.168708
2.008000 0.169185
2.012000 0.169389
2.016000 0.169531
2.020000 0.169835
2.024000 0.170189
2.028000 0.170472
2.032000 0.170726
2.036000 0.171164
2.040000 0.171696
2.044000 0.172011
2.048000 0.172189
2.052000 0.172584
2.056000 0.173148
2.060000 0.173603
2.064000 0.173955
2.068000 0.174299
2.072000 0.174633
2.076000 0.174890
2.080000 0.175037
2.084000 0.175059
2.088000 0.174862
2.092000 0.174782
2.096000 0.174960
2.100000 0.175193
2.104000 0.175582
2.108000 0.175858
2.112000 0.175722
2.116000 0.175616
2.120000 0.175663
2.124000 0.175715
2.128000 0.175794
2.132000 0.175894
2.136000 0.176293
2.140000 0.176690
2.144000 0.176964
2.148000 0.177237
2.152000 0.177442
2.156000 0.177644
2.160000 0.177839
2.164000 0.178033
2.168000 0.178451
2.172000 0.178904
2.176000 0.179270
2.180000 0.179617
2.184000 0.179642
2.188000 0.179570
2.192000 0.179338
2.196000 0.179043
2.200000 0.178989
2.204000 0.179055
2.208000 0.179320
2.212000 0.179708
2.216000 0.179842
2.220000 0.179784
2.224000 0.179611
2.228000 0.179329
2.232000 0.179308
2.236000 0.179581
2.240000 0.179854
2.244000 0.180130
2.248000 0.180392
2.252000 0.180631
2.256000 0.180779
2.260000 0.180735
2.264000 0.180824
2.268000 0.181272
2.272000 0.181639
2.276000 0.181723
2.280000 0.181737
2.284000 0.181413
2.288000 0.181146
2.292000 0.181287
2.296000 0.181421
2.300000 0.181470
2.304000 0.181510
2.308000 0.181185
2.312000 0.180860
2.316000 0.181306
2.320000 0.181775
2.324000 0.182052
2.328000 0.182312
2.332000 0.182295
2.336000 0.182238
2.340000 0.182681
2.344000 0.183232
2.348000 0.183523
2.352000 0.183738
2.356000 0.184187
2.360000 0.184726
2.364000 0.185162
2.368000 0.185549
2.372000 0.185791
2.376000 0.185945
2.380000 0.186130
2.384000 0.186339
2.388000 0.186333
2.392000 0.186133
2.396000 0.186091
2.400000 0.186224
2.404000 0.186381
2.408000 0.186571
2.412000 0.186576
2.416000 0.186275
2.420000 0.186147
2.424000 0.186380
2.428000 0.186609
2.432000 0.186824
2.436000 0.187128
2.440000 0.187737
2.444000 0.188297
2.448000 0.188633
2.452000 0.188901
2.456000 0.188705
2.460000 0.188530
2.464000 0.188606
2.468000 0.188686
2.472000 0.188940
2.476000 0.189193
2.480000 0.189124
2.484000 0.189047
2.488000 0.188957
2.492000 0.188865
2.496000 0.188727
2.500000 0.188582
2.504000 0.188735
2.508000 0.188951
2.512000 0.189009
2.516000 0.189022
2.520000 0.189177
2.524000 0.189386
2.528000 0.189537
2.532000 0.189661
2.536000 0.189690
2.540000 0.189664
2.544000 0.189824
2.548000 0.190119
2.552000 0.190378
2.556000 0.190606
2.560000 0.190781
2.564000 0.190900
2.568000 0.190927
2.572000 0.190832
2.576000 0.190791
2.580000 0.190839
2.584000 0.190926
2.588000 0.191094
2.592000 0.191263
2.596000 0.191433
2.600000 0.191533
2.604000 0.191394
2.608000 0.191286
2.612000 0.191313
2.616000 0.191352
2.620000 0.191474
2.624000 0.191611
2.628000 0.191924
2.632000 0.192236
2.636000 0.192479
2.640000 0.192721
2.644000 0.192698
2.648000 0.192670
2.652000 0.192622
2.656000 0.192574
2.660000 0.192652
2.664000 0.192747
2.668000 0.192976
2.672000 0.193231
2.676000 0.193340
2.680000 0.193409
2.684000 0.193341
2.688000 0.193224
2.692000 0.193223
2.696000 0.193275
2.700000 0.193344
2.704000 0.193424
2.708000 0.193499
2.712000 0.193571
2.716000 0.193720
2.720000 0.193938
2.724000 0.193957
2.728000 0.193766
2.732000 0.193795
2.736000 0.194111
2.740000 0.194222
2.744000 0.194003
2.748000 0.193879
2.752000 0.193942
2.756000 0.194117
2.760000 0.194576
2.764000 0.195001
2.768000 0.195318
2.772000 0.195575
2.776000 0.195573
2.780000 0.195566
2.784000 0.195523
2.788000 0.195496
2.792000 0.195646
2.796000 0.195783
2.800000 0.195589
2.804000 0.195395
2.808000 0.195820
2.812000 0.196252
2.816000 0.196447
2.820000 0.196625
2.824000 0.196544
2.828000 0.196429
2.832000 0.196159
2.836000 0.195857
2.840000 0.195919
2.844000 0.196078
2.848000 0.196153
2.852000 0.196198
2.856000 0.196252
2.860000 0.196311
2.864000 0.196559
2.868000 0.196915
2.872000 0.196981
2.876000 0.196845
2.880000 0.196910
2.884000 0.197147
2.888000 0.197302
2.892000 0.197369
2.896000 0.197533
2.900000 0.197820
2.904000 0.198025
2.908000 0.198100
2.912000 0.198173
2.916000 0.198242
2.920000 0.198364
2.924000 0.198618
2.928000 0.198805
2.932000 0.198783
2.936000 0.198764
2.940000 0.198758
2.944000 0.198740
2.948000 0.198650
2.952000 0.198567
2.956000 0.198562
2.960000 0.198567
2.964000 0.198784
2.968000 0.199002
2.972000 0.199288
2.976000 0.199576
2.980000 0.199691
2.984000 0.199796
2.988000 0.200171
2.992000 0.200580
2.996000 0.200968
3.000000 0.201353
3.004000 0.201387
3.008000 0.201329
3.012000 0.201249
3.016000 0.201162
3.020000 0.201141
3.024000 0.201151
3.028000 0.201199
3.032000 0.201267
3.036000 0.201126
3.040000 0.200842
3.044000 0.200540
3.048000 0.200225
3.052000 0.200161
3.056000 0.200355
3.060000 0.200501
3.064000 0.200588
3.068000 0.200789
3.072000 0.201165
3.076000 0.201437
3.080000 0.201510
3.084000 0.201696
3.088000 0.202152
3.092000 0.202578
3.096000 0.202913
3.100000 0.203194
3.104000 0.203259
3.108000 0.203371
3.112000 0.203756
3.116000 0.204106
3.120000 0.204130
3.124000 0.204152
3.128000 0.204137
3.132000 0.204123
3.136000 0.203992
3.140000 0.203861
3.144000 0.203871
3.148000 0.203889
3.152000 0.204000
3.156000 0.204121
3.160000 0.204304
3.164000 0.204497
3.168000 0.204444
3.172000 0.204327
3.176000 0.204377
3.180000 0.204482
3.184000 0.204702
3.188000 0.204971
3.192000 0.204916
3.196000 0.204683
3.200000 0.204649
3.204000 0.204748
3.208000 0.204777
3.212000 0.204748
3.216000 0.204754
3.220000 0.204794
3.224000 0.204788
3.228000 0.204725
3.232000 0.204776
3.236000 0.204998
3.240000 0.205167
3.244000 0.205240
3.248000 0.205290
3.252000 0.205284
3.256000 0.205385
3.260000 0.205806
3.264000 0.206181
3.268000 0.206373
3.272000 0.206481
3.276000 0.206116
3.280000 0.205800
3.284000 0.205916
3.288000 0.206035
3.292000 0.206182
3.296000 0.206329
3.300000 0.206167
3.304000 0.206005
3.308000 0.206017
3.312000 0.206037
3.316000 0.205892
3.320000 0.205729
3.324000 0.205719
3.328000 0.205735
3.332000 0.205766
3.336000 0.205799
3.340000 0.205880
3.344000 0.205977
3.348000 0.206054
3.352000 0.206122
3.356000 0.206083
3.360000 0.205986
3.364000 0.205933
3.368000 0.205910
3.372000 0.205991
3.376000 0.206155
3.380000 0.206277
3.384000 0.206355
3.388000 0.206375
3.392000 0.206326
3.396000 0.206442
3.400000 0.206802
3.404000 0.207045
3.408000 0.207075
3.412000 0.207043
3.416000 0.206871
3.420000 0.206836
3.424000 0.207205
3.428000 0.207536
3.432000 0.207725
3.436000 0.207872
3.440000 0.207790
3.444000 0.207749
3.448000 0.208054
3.452000 0.208361
3.456000 0.208720
3.460000 0.209076
3.464000 0.208939
3.468000 0.208803
3.472000 0.208888
3.476000 0.208982
3.480000 0.208828
3.484000 0.208650
3.488000 0.208676
3.492000 0.208736
3.496000 0.208643
3.500000 0.208513
3.504000 0.208583
3.508000 0.208716
3.512000 0.208757
3.516000 0.208761
3.520000 0.208748
3.524000 0.208726
3.528000 0.208594
3.532000 0.208393
3.536000 0.208459
3.540000 0.208735
3.544000 0.209008
3.548000 0.209276
3.552000 0.209486
3.556000 0.209628
3.560000 0.209692
3.564000 0.209644
3.568000 0.209799
3.572000 0.210315
3.576000 0.210661
3.580000 0.210631
3.584000 0.210617
3.588000 0.210649
3.592000 0.210717
3.596000 0.210922
3.600000 0.211123
3.604000 0.211301
3.608000 0.211459
3.612000 0.211460
3.616000 0.211471
3.620000 0.211653
3.624000 0.211834
3.628000 0.211899
3.632000 0.211964
3.636000 0.211981
3.640000 0.211996
3.644000 0.212061
3.648000 0.212132
3.652000 0.212259
3.656000 0.212396
3.660000 0.212590
3.664000 0.212797
3.668000 0.213084
3.672000 0.213396
3.676000 0.213751
3.680000 0.214123
3.684000 0.214215
3.688000 0.214164
3.692000 0.214139
3.696000 0.214130
3.700000 0.214243
3.704000 0.214450
3.708000 0.214641
3.712000 0.214815
3.716000 0.214923
3.720000 0.214955
3.724000 0.215005
3.728000 0.215083
3.732000 0.215251
3.736000 0.215573
3.740000 0.215872
3.744000 0.216121
3.748000 0.216354
3.752000 0.216543
3.756000 0.216654
3.760000 0.216485
3.764000 0.216321
3.768000 0.216186
3.772000 0.216073
3.776000 0.216122
3.780000 0.216167
3.784000 0.216163
3.788000 0.216158
3.792000 0.216005
3.796000 0.215852
3.800000 0.216182
3.804000 0.216527
3.808000 0.216810
3.812000 0.217087
3.816000 0.217412
3.820000 0.217744
3.824000 0.217785
3.828000 0.217762
3.832000 0.217766
3.836000 0.217780
3.840000 0.217827
3.844000 0.217888
3.848000 0.217942
3.852000 0.217992
3.856000 0.218026
3.860000 0.218050
3.864000 0.218066
3.868000 0.218077
3.872000 0.218133
3.876000 0.218231
3.880000 0.218228
3.884000 0.218113
3.888000 0.218068
3.892000 0.218122
3.896000 0.218184
3.900000 0.218258
3.904000 0.218322
3.908000 0.218366
3.912000 0.218379
3.916000 0.218307
3.920000 0.218258
3.924000 0.218290
3.928000 0.218344
3.932000 0.218512
3.936000 0.218671
3.940000 0.218761
3.944000 0.218832
3.948000 0.218651
3.952000 0.218481
3.956000 0.218783
3.960000 0.219086
3.964000 0.219325
3.968000 0.219563
3.972000 0.219587
3.976000 0.219592
3.980000 0.219584
3.984000 0.219574
3.988000 0.219644
3.992000 0.219730
3.996000 0.219884
4.000000 0.220057
4.004000 0.220011
4.008000 0.219882
4.012000 0.219947
4.016000 0.220106
4.020000 0.220096
4.024000 0.219985
4.028000 0.220040
4.032000 0.220218
4.036000 0.220393
4.040000 0.220567
4.044000 0.220697
4.048000 0.220781
4.052000 0.220890
4.056000 0.221035
4.060000 0.221128
4.064000 0.221134
4.068000 0.221163
4.072000 0.221239
4.076000 0.221289
4.080000 0.221273
4.084000 0.221302
4.088000 0.221483
4.092000 0.221654
4.096000 0.221773
4.100000 0.221875
4.104000 0.221857
4.108000 0.221829
4.112000 0.221669
4.116000 0.221520
4.120000 0.221760
4.124000 0.221999
4.128000 0.222200
4.132000 0.222399
4.136000 0.222404
4.140000 0.222394
4.144000 0.222441
4.148000 0.222496
4.152000 0.222478
4.156000 0.222444
4.160000 0.222518
4.164000 0.222623
4.168000 0.222901
4.172000 0.223244
4.176000 0.223392
4.180000 0.223449
4.184000 0.223621
4.188000 0.223859
4.192000 0.223858
4.196000 0.223684
4.200000 0.223697
4.204000 0.223877
4.208000 0.223909
4.212000 0.223781
4.216000 0.223697
4.220000 0.223671
4.224000 0.223739
4.228000 0.223960
4.232000 0.224054
4.236000 0.223891
4.240000 0.223722
4.244000 0.223537
4.248000 0.223449
4.252000 0.223681
4.256000 0.223852
4.260000 0.223753
4.264000 0.223640
4.268000 0.223442
4.272000 0.223245
4.276000 0.223052
4.280000 0.222860
4.284000 0.222722
4.288000 0.222585
4.292000 0.222652
4.296000 0.222723
4.300000 0.222962
4.304000 0.223213
4.308000 0.223144
4.312000 0.223032
4.316000 0.223266
4.320000 0.223570
4.324000 0.223774
4.328000 0.223950
4.332000 0.223915
4.336000 0.223804
4.340000 0.223678
4.344000 0.223545
4.348000 0.223479
4.352000 0.223452
4.356000 0.223523
4.360000 0.223664
4.364000 0.223689
4.368000 0.223613
4.372000 0.223591
4.376000 0.223625
4.380000 0.223730
4.384000 0.223927
4.388000 0.223985
4.392000 0.223821
4.396000 0.223709
4.400000 0.223699
4.404000 0.223684
4.408000 0.223655
4.412000 0.223618
4.416000 0.223560
4.420000 0.223533
4.424000 0.223644
4.428000 0.223746
4.432000 0.223785
4.436000 0.223807
4.440000 0.223641
4.444000 0.223483
4.448000 0.223528
4.452000 0.223572
4.456000 0.223752
4.460000 0.223934
4.464000 0.224081
4.468000 0.224225
4.472000 0.224041
4.476000 0.223815
4.480000 0.223821
4.484000 0.223871
4.488000 0.223915
4.492000 0.223958
4.496000 0.224217
4.500000 0.224554
4.504000 0.224584
4.508000 0.224475
4.512000 0.224504
4.516000 0.224612
4.520000 0.224757
4.524000 0.224930
4.528000 0.225072
4.532000 0.225188
4.536000 0.225350
4.540000 0.225561
4.544000 0.225716
4.548000 0.225800
4.552000 0.225842
4.556000 0.225817
4.560000 0.225868
4.564000 0.226064
4.568000 0.226217
4.572000 0.226261
4.576000 0.226291
4.580000 0.226276
4.584000 0.226298
4.588000 0.226471
4.592000 0.226624
4.596000 0.226652
4.600000 0.226687
4.604000 0.226796
4.608000 0.226896
4.612000 0.226807
4.616000 0.226718
4.620000 0.226995
4.624000 0.227275
4.628000 0.227323
4.632000 0.227357
4.636000 0.227615
4.640000 0.227900
4.644000 0.227889
4.648000 0.227823
4.652000 0.228008
4.656000 0.228259
4.660000 0.228464
4.664000 0.228652
4.668000 0.228802
4.672000 0.228934
4.676000 0.228953
4.680000 0.228910
4.684000 0.228907
4.688000 0.228930
4.692000 0.229083
4.696000 0.229344
4.700000 0.229425
4.704000 0.229323
4.708000 0.229186
4.712000 0.229003
4.716000 0.229008
4.720000 0.229300
4.724000 0.229596
4.728000 0.229899
4.732000 0.230109
4.736000 0.230101
4.740000 0.230114
4.744000 0.230194
4.748000 0.230262
4.752000 0.230284
4.756000 0.230284
4.760000 0.230163
4.764000 0.230054
4.768000 0.230057
4.772000 0.230069
4.776000 0.230267
4.780000 0.230464
4.784000 0.230447
4.788000 0.230430
4.792000 0.230409
4.796000 0.230388
4.800000 0.230380
4.804000 0.230373
4.808000 0.230435
4.812000 0.230511
4.816000 0.230618
4.820000 0.230733
4.824000 0.230878
4.828000 0.231034
4.832000 0.231178
4.836000 0.231318
4.840000 0.231586
4.844000 0.231923
4.848000 0.232030
4.852000 0.231982
4.856000 0.232037
4.860000 0.232175
4.864000 0.232311
4.868000 0.232443
4.872000 0.232466
4.876000 0.232355
4.880000 0.232281
4.884000 0.232261
4.888000 0.232275
4.892000 0.232351
4.896000 0.232439
4.900000 0.232552
4.904000 0.232586
4.908000 0.232385
4.912000 0.232246
4.916000 0.232355
4.920000 0.232413
4.924000 0.232184
4.928000 0.231954
4.932000 0.231698
4.936000 0.231457
4.940000 0.231480
4.944000 0.231504
4.948000 0.231603
4.952000 0.231703
4.956000 0.231726
4.960000 0.231745
4.964000 0.231827
4.968000 0.231916
4.972000 0.232078
4.976000 0.232253
4.980000 0.232296
4.984000 0.232307
4.988000 0.232499
4.992000 0.232750
4.996000 0.232866
