0.012000 0.001467
0.016000 0.001893
0.020000 0.002274
0.024000 0.002661
0.028000 0.003017
0.032000 0.003332
0.036000 0.003629
0.040000 0.003937
0.044000 0.004297
0.048000 0.004640
0.052000 0.004937
0.056000 0.005170
0.060000 0.005397
0.064000 0.005659
0.068000 0.005941
0.072000 0.006238
0.076000 0.006561
0.080000 0.006871
0.084000 0.007114
0.088000 0.007345
0.092000 0.007622
0.096000 0.007919
0.100000 0.008183
0.104000 0.008419
0.108000 0.008628
0.112000 0.008861
0.116000 0.009147
0.120000 0.009445
0.124000 0.009704
0.128000 0.009962
0.132000 0.010238
0.136000 0.010507
0.140000 0.010798
0.144000 0.011072
0.148000 0.011374
0.152000 0.011646
0.156000 0.011854
0.160000 0.012042
0.164000 0.012272
0.168000 0.012517
0.172000 0.012768
0.176000 0.012962
0.180000 0.013156
0.184000 0.013353
0.188000 0.013578
0.192000 0.013886
0.196000 0.014175
0.200000 0.014502
0.204000 0.014846
0.208000 0.015163
0.212000 0.015333
0.216000 0.015561
0.220000 0.015811
0.224000 0.016022
0.228000 0.016243
0.232000 0.016418
0.236000 0.016631
0.240000 0.016846
0.244000 0.017121
0.248000 0.017403
0.252000 0.017685
0.256000 0.017896
0.260000 0.018112
0.264000 0.018376
0.268000 0.018618
0.272000 0.018857
0.276000 0.019037
0.280000 0.019207
0.284000 0.019413
0.288000 0.019582
0.292000 0.019765
0.296000 0.020095
0.300000 0.020436
0.304000 0.020675
0.308000 0.020964
0.312000 0.021348
0.316000 0.021653
0.320000 0.021888
0.324000 0.022129
0.328000 0.022309
0.332000 0.022482
0.336000 0.022726
0.340000 0.022917
0.344000 0.023146
0.348000 0.023384
0.352000 0.023628
0.356000 0.023899
0.360000 0.024145
0.364000 0.024377
0.368000 0.024540
0.372000 0.024632
0.376000 0.024794
0.380000 0.024996
0.384000 0.025168
0.388000 0.025332
0.392000 0.025554
0.396000 0.025719
0.400000 0.025848
0.404000 0.026050
0.408000 0.026296
0.412000 0.026465
0.416000 0.026686
0.420000 0.026897
0.424000 0.027057
0.428000 0.027247
0.432000 0.027556
0.436000 0.027763
0.440000 0.027964
0.444000 0.028310
0.448000 0.028538
0.452000 0.028706
0.456000 0.028855
0.460000 0.028966
0.464000 0.029064
0.468000 0.029209
0.472000 0.029366
0.476000 0.029665
0.480000 0.030027
0.484000 0.030377
0.488000 0.030649
0.492000 0.030853
0.496000 0.031072
0.500000 0.031268
0.504000 0.031474
0.508000 0.031692
0.512000 0.031827
0.516000 0.032020
0.520000 0.032336
0.524000 0.032647
0.528000 0.032870
0.532000 0.032939
0.536000 0.033134
0.540000 0.033428
0.544000 0.033649
0.548000 0.033888
0.552000 0.034158
0.556000 0.034561
0.560000 0.034956
0.564000 0.035161
0.568000 0.035329
0.572000 0.035423
0.576000 0.035415
0.580000 0.035502
0.584000 0.035671
0.588000 0.035908
0.592000 0.036098
0.596000 0.036233
0.600000 0.036408
0.604000 0.036589
0.608000 0.036833
0.612000 0.037073
0.616000 0.037271
0.620000 0.037563
0.624000 0.037696
0.628000 0.037891
0.632000 0.038166
0.636000 0.038442
0.640000 0.038777
0.644000 0.038977
0.648000 0.039260
0.652000 0.039482
0.656000 0.039687
0.660000 0.039907
0.664000 0.040129
0.668000 0.040377
0.672000 0.040670
0.676000 0.041010
0.680000 0.041411
0.684000 0.041623
0.688000 0.041929
0.692000 0.042207
0.696000 0.042439
0.700000 0.042692
0.704000 0.042924
0.708000 0.043204
0.712000 0.043488
0.716000 0.043761
0.720000 0.044016
0.724000 0.044237
0.728000 0.044324
0.732000 0.044454
0.736000 0.044633
0.740000 0.044779
0.744000 0.044973
0.748000 0.045205
0.752000 0.045577
0.756000 0.045981
0.760000 0.046293
0.764000 0.046597
0.768000 0.047006
0.772000 0.047294
0.776000 0.047433
0.780000 0.047580
0.784000 0.047766
0.788000 0.047964
0.792000 0.048122
0.796000 0.048317
0.800000 0.048527
0.804000 0.048592
0.808000 0.048650
0.812000 0.048801
0.816000 0.049014
0.820000 0.049168
0.824000 0.049344
0.828000 0.049530
0.832000 0.049784
0.836000 0.050020
0.840000 0.050205
0.844000 0.050436
0.848000 0.050614
0.852000 0.050707
0.856000 0.050853
0.860000 0.050964
0.864000 0.051015
0.868000 0.051251
0.872000 0.051537
0.876000 0.051824
0.880000 0.052034
0.884000 0.052252
0.888000 0.052447
0.892000 0.052691
0.896000 0.052772
0.900000 0.052909
0.904000 0.053110
0.908000 0.053394
0.912000 0.053708
0.916000 0.054034
0.920000 0.054407
0.924000 0.054659
0.928000 0.054940
0.932000 0.055289
0.936000 0.055661
0.940000 0.056020
0.944000 0.056254
0.948000 0.056482
0.952000 0.056729
0.956000 0.057045
0.960000 0.057293
0.964000 0.057464
0.968000 0.057603
0.972000 0.057719
0.976000 0.057846
0.980000 0.058046
0.984000 0.058217
0.988000 0.058438
0.992000 0.058688
0.996000 0.058916
1.000000 0.059216
1.004000 0.059489
1.008000 0.059650
1.012000 0.059720
1.016000 0.059754
1.020000 0.059904
1.024000 0.060128
1.028000 0.060490
1.032000 0.060730
1.036000 0.060969
1.040000 0.061315
1.044000 0.061643
1.048000 0.061876
1.052000 0.062125
1.056000 0.062335
1.060000 0.062538
1.064000 0.062753
1.068000 0.062836
1.072000 0.062820
1.076000 0.062964
1.080000 0.063182
1.084000 0.063390
1.088000 0.063509
1.092000 0.063666
1.096000 0.063806
1.100000 0.063979
1.104000 0.064130
1.108000 0.064243
1.112000 0.064420
1.116000 0.064704
1.120000 0.064962
1.124000 0.065161
1.128000 0.065319
1.132000 0.065546
1.136000 0.065788
1.140000 0.066012
1.144000 0.066275
1.148000 0.066516
1.152000 0.066661
1.156000 0.066820
1.160000 0.066950
1.164000 0.066960
1.168000 0.067118
1.172000 0.067423
1.176000 0.067740
1.180000 0.067993
1.184000 0.068222
1.188000 0.068397
1.192000 0.068484
1.196000 0.068551
1.200000 0.068608
1.204000 0.068816
1.208000 0.069103
1.212000 0.069390
1.216000 0.069714
1.220000 0.069993
1.224000 0.070259
1.228000 0.070492
1.232000 0.070604
1.236000 0.070788
1.240000 0.071139
1.244000 0.071402
1.248000 0.071620
1.252000 0.071818
1.256000 0.072055
1.260000 0.072221
1.264000 0.072342
1.268000 0.072451
1.272000 0.072605
1.276000 0.072702
1.280000 0.072956
1.284000 0.073154
1.288000 0.073305
1.292000 0.073542
1.296000 0.073802
1.300000 0.074013
1.304000 0.074171
1.308000 0.074317
1.312000 0.074567
1.316000 0.074703
1.320000 0.074702
1.324000 0.074974
1.328000 0.075287
1.332000 0.075436
1.336000 0.075636
1.340000 0.075862
1.344000 0.075884
1.348000 0.076034
1.352000 0.076331
1.356000 0.076671
1.360000 0.076988
1.364000 0.077294
1.368000 0.077661
1.372000 0.077930
1.376000 0.078206
1.380000 0.078407
1.384000 0.078576
1.388000 0.078736
1.392000 0.078912
1.396000 0.079067
1.400000 0.079283
1.404000 0.079470
1.408000 0.079529
1.412000 0.079530
1.416000 0.079582
1.420000 0.079853
1.424000 0.080081
1.428000 0.080352
1.432000 0.080566
1.436000 0.080798
1.440000 0.081131
1.444000 0.081414
1.448000 0.081647
1.452000 0.081780
1.456000 0.081939
1.460000 0.082086
1.464000 0.082388
1.468000 0.082695
1.472000 0.082895
1.476000 0.083100
1.480000 0.083277
1.484000 0.083439
1.488000 0.083491
1.492000 0.083537
1.496000 0.083701
1.500000 0.083975
1.504000 0.084150
1.508000 0.084167
1.512000 0.084322
1.516000 0.084558
1.520000 0.084784
1.524000 0.085042
1.528000 0.085464
1.532000 0.085780
1.536000 0.085940
1.540000 0.086144
1.544000 0.086315
1.548000 0.086537
1.552000 0.086797
1.556000 0.087077
1.560000 0.087414
1.564000 0.087863
1.568000 0.088186
1.572000 0.088249
1.576000 0.088140
1.580000 0.088148
1.584000 0.088299
1.588000 0.088486
1.592000 0.088713
1.596000 0.088896
1.600000 0.089107
1.604000 0.089377
1.608000 0.089530
1.612000 0.089612
1.616000 0.089722
1.620000 0.089820
1.624000 0.090032
1.628000 0.090111
1.632000 0.090295
1.636000 0.090585
1.640000 0.090863
1.644000 0.090994
1.648000 0.091106
1.652000 0.091258
1.656000 0.091533
1.660000 0.091825
1.664000 0.092192
1.668000 0.092326
1.672000 0.092412
1.676000 0.092535
1.680000 0.092652
1.684000 0.092844
1.688000 0.093089
1.692000 0.093482
1.696000 0.093892
1.700000 0.094270
1.704000 0.094504
1.708000 0.094630
1.712000 0.094738
1.716000 0.094861
1.720000 0.095238
1.724000 0.095606
1.728000 0.095758
1.732000 0.095895
1.736000 0.096075
1.740000 0.096257
1.744000 0.096393
1.748000 0.096510
1.752000 0.096639
1.756000 0.096891
1.760000 0.097189
1.764000 0.097341
1.768000 0.097497
1.772000 0.097805
1.776000 0.098137
1.780000 0.098418
1.784000 0.098791
1.788000 0.099144
1.792000 0.099270
1.796000 0.099379
1.800000 0.099623
1.804000 0.099922
1.808000 0.100059
1.812000 0.100155
1.816000 0.100221
1.820000 0.100273
1.824000 0.100396
1.828000 0.100473
1.832000 0.100642
1.836000 0.101018
1.840000 0.101187
1.844000 0.101390
1.848000 0.101626
1.852000 0.101772
1.856000 0.101936
1.860000 0.102210
1.864000 0.102448
1.868000 0.102614
1.872000 0.102720
1.876000 0.102876
1.880000 0.103098
1.884000 0.103320
1.888000 0.103532
1.892000 0.103663
1.896000 0.103821
1.900000 0.104007
1.904000 0.104092
1.908000 0.104380
1.912000 0.104777
1.916000 0.105180
1.920000 0.105278
1.924000 0.105469
1.928000 0.105594
1.932000 0.105745
1.936000 0.105956
1.940000 0.106112
1.944000 0.106205
1.948000 0.106485
1.952000 0.106664
1.956000 0.107015
1.960000 0.107336
1.964000 0.107511
1.968000 0.107515
1.972000 0.107495
1.976000 0.107623
1.980000 0.107874
1.984000 0.108078
1.988000 0.108464
1.992000 0.108765
1.996000 0.109072
2.000000 0.109248
2.004000 0.109297
2.008000 0.109351
2.012000 0.109373
2.016000 0.109648
2.020000 0.110115
2.024000 0.110633
2.028000 0.110972
2.032000 0.111075
2.036000 0.111218
2.040000 0.111379
2.044000 0.111372
2.048000 0.111556
2.052000 0.111713
2.056000 0.111946
2.060000 0.112141
2.064000 0.112378
2.068000 0.112568
2.072000 0.112709
2.076000 0.112902
2.080000 0.113090
2.084000 0.113253
2.088000 0.113391
2.092000 0.113483
2.096000 0.113645
2.100000 0.113793
2.104000 0.113910
2.108000 0.114045
2.112000 0.114372
2.116000 0.114725
2.120000 0.114961
2.124000 0.115252
2.128000 0.115456
2.132000 0.115570
2.136000 0.115635
2.140000 0.115851
2.144000 0.115883
2.148000 0.115852
2.152000 0.116019
2.156000 0.116303
2.160000 0.116667
2.164000 0.116947
2.168000 0.117234
2.172000 0.117507
2.176000 0.117734
2.180000 0.117936
2.184000 0.118098
2.188000 0.118237
2.192000 0.118521
2.196000 0.118954
2.200000 0.119446
2.204000 0.119787
2.208000 0.119813
2.212000 0.119813
2.216000 0.119944
2.220000 0.120048
2.224000 0.120026
2.228000 0.119978
2.232000 0.120083
2.236000 0.120322
2.240000 0.120417
2.244000 0.120750
2.248000 0.121154
2.252000 0.121412
2.256000 0.121606
2.260000 0.121615
2.264000 0.121518
2.268000 0.121620
2.272000 0.121818
2.276000 0.121878
2.280000 0.121944
2.284000 0.121963
2.288000 0.122088
2.292000 0.122273
2.296000 0.122347
2.300000 0.122554
2.304000 0.122632
2.308000 0.122877
2.312000 0.123257
2.316000 0.123604
2.320000 0.124045
2.324000 0.124373
2.328000 0.124509
2.332000 0.124660
2.336000 0.124844
2.340000 0.125177
2.344000 0.125436
2.348000 0.125651
2.352000 0.125694
2.356000 0.125795
2.360000 0.126122
2.364000 0.126375
2.368000 0.126600
2.372000 0.126627
2.376000 0.126663
2.380000 0.126704
2.384000 0.126723
2.388000 0.126763
2.392000 0.126881
2.396000 0.127020
2.400000 0.127236
2.404000 0.127455
2.408000 0.127571
2.412000 0.127692
2.416000 0.127965
2.420000 0.128068
2.424000 0.127952
2.428000 0.127997
2.432000 0.128098
2.436000 0.128201
2.440000 0.128201
2.444000 0.128239
2.448000 0.128582
2.452000 0.128823
2.456000 0.129065
2.460000 0.129283
2.464000 0.129447
2.468000 0.129653
2.472000 0.129956
2.476000 0.130284
2.480000 0.130557
2.484000 0.130670
2.488000 0.130664
2.492000 0.130796
2.496000 0.130950
2.500000 0.131243
2.504000 0.131527
2.508000 0.131820
2.512000 0.132053
2.516000 0.132180
2.520000 0.132421
2.524000 0.132646
2.528000 0.132659
2.532000 0.132790
2.536000 0.132882
2.540000 0.133102
2.544000 0.133417
2.548000 0.133750
2.552000 0.134132
2.556000 0.134521
2.560000 0.134705
2.564000 0.134851
2.568000 0.135039
2.572000 0.135367
2.576000 0.135628
2.580000 0.135775
2.584000 0.135783
2.588000 0.135935
2.592000 0.136335
2.596000 0.136753
2.600000 0.137205
2.604000 0.137583
2.608000 0.137819
2.612000 0.138067
2.616000 0.138243
2.620000 0.138372
2.624000 0.138544
2.628000 0.138814
2.632000 0.139187
2.636000 0.139519
2.640000 0.139752
2.644000 0.140000
2.648000 0.140054
2.652000 0.139929
2.656000 0.139906
2.660000 0.139939
2.664000 0.140206
2.668000 0.140397
2.672000 0.140564
2.676000 0.140896
2.680000 0.141405
2.684000 0.141888
2.688000 0.142203
2.692000 0.142470
2.696000 0.142556
2.700000 0.142565
2.704000 0.142513
2.708000 0.142600
2.712000 0.142758
2.716000 0.142970
2.720000 0.143271
2.724000 0.143646
2.728000 0.143779
2.732000 0.143823
2.736000 0.143864
2.740000 0.144060
2.744000 0.144175
2.748000 0.144229
2.752000 0.144221
2.756000 0.144170
2.760000 0.144200
2.764000 0.144380
2.768000 0.144773
2.772000 0.145210
2.776000 0.145531
2.780000 0.145761
2.784000 0.145928
2.788000 0.145928
2.792000 0.145778
2.796000 0.145765
2.800000 0.145920
2.804000 0.146052
2.808000 0.146184
2.812000 0.146495
2.816000 0.146830
2.820000 0.146985
2.824000 0.146959
2.828000 0.146943
2.832000 0.146970
2.836000 0.146975
2.840000 0.147069
2.844000 0.147192
2.848000 0.147371
2.852000 0.147574
2.856000 0.147877
2.860000 0.148390
2.864000 0.148737
2.868000 0.148895
2.872000 0.148998
2.876000 0.149198
2.880000 0.149314
2.884000 0.149340
2.888000 0.149351
2.892000 0.149400
2.896000 0.149567
2.900000 0.149724
2.904000 0.149885
2.908000 0.150049
2.912000 0.150253
2.916000 0.150456
2.920000 0.150712
2.924000 0.150886
2.928000 0.150996
2.932000 0.151029
2.936000 0.151206
2.940000 0.151474
2.944000 0.151599
2.948000 0.151740
2.952000 0.151813
2.956000 0.152059
2.960000 0.152535
2.964000 0.152826
2.968000 0.152923
2.972000 0.153115
2.976000 0.153406
2.980000 0.153505
2.984000 0.153466
2.988000 0.153417
2.992000 0.153309
2.996000 0.153477
3.000000 0.153815
3.004000 0.154131
3.008000 0.154371
3.012000 0.154502
3.016000 0.154680
3.020000 0.154959
3.024000 0.155386
3.028000 0.155693
3.032000 0.155909
3.036000 0.156127
3.040000 0.156416
3.044000 0.156665
3.048000 0.157147
3.052000 0.157866
3.056000 0.158447
3.060000 0.158738
3.064000 0.158969
3.068000 0.159291
3.072000 0.159565
3.076000 0.159801
3.080000 0.160106
3.084000 0.160539
3.088000 0.160718
3.092000 0.160747
3.096000 0.160685
3.100000 0.160832
3.104000 0.161120
3.108000 0.161555
3.112000 0.162040
3.116000 0.162411
3.120000 0.162559
3.124000 0.162627
3.128000 0.162732
3.132000 0.162954
3.136000 0.163078
3.140000 0.162935
3.144000 0.162821
3.148000 0.162863
3.152000 0.163008
3.156000 0.163096
3.160000 0.163340
3.164000 0.163597
3.168000 0.163797
3.172000 0.163715
3.176000 0.163587
3.180000 0.163785
3.184000 0.164128
3.188000 0.164335
3.192000 0.164469
3.196000 0.164735
3.200000 0.165168
3.204000 0.165503
3.208000 0.165605
3.212000 0.165851
3.216000 0.166367
3.220000 0.166967
3.224000 0.167478
3.228000 0.167830
3.232000 0.168002
3.236000 0.168060
3.240000 0.167966
3.244000 0.167854
3.248000 0.167830
3.252000 0.167928
3.256000 0.168065
3.260000 0.168270
3.264000 0.168544
3.268000 0.168776
3.272000 0.168878
3.276000 0.169037
3.280000 0.169234
3.284000 0.169392
3.288000 0.169543
3.292000 0.169638
3.296000 0.169600
3.300000 0.169506
3.304000 0.169377
3.308000 0.169267
3.312000 0.169192
3.316000 0.169283
3.320000 0.169340
3.324000 0.169706
3.328000 0.169901
3.332000 0.169970
3.336000 0.169874
3.340000 0.169953
3.344000 0.170066
3.348000 0.170056
3.352000 0.170126
3.356000 0.170192
3.360000 0.170113
3.364000 0.170204
3.368000 0.170326
3.372000 0.170369
3.376000 0.170452
3.380000 0.170572
3.384000 0.170525
3.388000 0.170586
3.392000 0.170668
3.396000 0.170721
3.400000 0.170702
3.404000 0.170503
3.408000 0.170232
3.412000 0.170165
3.416000 0.170278
3.420000 0.170429
3.424000 0.170521
3.428000 0.170642
3.432000 0.170832
3.436000 0.171086
3.440000 0.171123
3.444000 0.171091
3.448000 0.171041
3.452000 0.170957
3.456000 0.171046
3.460000 0.171149
3.464000 0.171214
3.468000 0.171290
3.472000 0.171296
3.476000 0.171276
3.480000 0.171310
3.484000 0.171345
3.488000 0.171398
3.492000 0.171586
3.496000 0.172077
3.500000 0.172552
3.504000 0.172639
3.508000 0.172627
3.512000 0.172685
3.516000 0.172729
3.520000 0.172667
3.524000 0.172658
3.528000 0.172871
3.532000 0.173159
3.536000 0.173272
3.540000 0.173204
3.544000 0.173298
3.548000 0.173317
3.552000 0.173312
3.556000 0.173502
3.560000 0.173553
3.564000 0.173369
3.568000 0.173398
3.572000 0.173714
3.576000 0.174005
3.580000 0.174138
3.584000 0.174159
3.588000 0.174175
3.592000 0.174260
3.596000 0.174192
3.600000 0.174156
3.604000 0.174331
3.608000 0.174495
3.612000 0.174500
3.616000 0.174495
3.620000 0.174598
3.624000 0.174840
3.628000 0.175144
3.632000 0.175280
3.636000 0.175285
3.640000 0.175313
3.644000 0.175566
3.648000 0.175917
3.652000 0.176020
3.656000 0.176072
3.660000 0.176265
3.664000 0.176397
3.668000 0.176647
3.672000 0.176824
3.676000 0.177038
3.680000 0.177650
3.684000 0.178261
3.688000 0.178537
3.692000 0.178703
3.696000 0.178825
3.700000 0.178958
3.704000 0.179203
3.708000 0.179559
3.712000 0.179950
3.716000 0.180379
3.720000 0.180542
3.724000 0.180712
3.728000 0.180856
3.732000 0.180940
3.736000 0.181111
3.740000 0.181587
3.744000 0.182025
3.748000 0.182401
3.752000 0.182720
3.756000 0.182953
3.760000 0.183049
3.764000 0.183173
3.768000 0.183304
3.772000 0.183427
3.776000 0.183439
3.780000 0.183601
3.784000 0.183718
3.788000 0.183675
3.792000 0.183698
3.796000 0.183753
3.800000 0.183872
3.804000 0.183940
3.808000 0.184176
3.812000 0.184381
3.816000 0.184617
3.820000 0.184810
3.824000 0.184891
3.828000 0.184937
3.832000 0.184898
3.836000 0.184741
3.840000 0.184785
3.844000 0.184846
3.848000 0.184756
3.852000 0.184982
3.856000 0.185218
3.860000 0.185288
3.864000 0.185553
3.868000 0.185672
3.872000 0.185679
3.876000 0.186019
3.880000 0.186258
3.884000 0.186219
3.888000 0.186219
3.892000 0.186356
3.896000 0.186629
3.900000 0.186884
3.904000 0.187141
3.908000 0.187564
3.912000 0.187747
3.916000 0.187893
3.920000 0.188102
3.924000 0.188424
3.928000 0.188855
3.932000 0.189099
3.936000 0.189271
3.940000 0.189499
3.944000 0.189727
3.948000 0.190091
3.952000 0.190423
3.956000 0.190810
3.960000 0.191061
3.964000 0.191229
3.968000 0.191439
3.972000 0.191541
3.976000 0.191412
3.980000 0.191256
3.984000 0.191446
3.988000 0.191811
3.992000 0.192130
3.996000 0.192322
4.000000 0.192218
4.004000 0.192224
4.008000 0.192304
4.012000 0.192505
4.016000 0.192623
4.020000 0.193013
4.024000 0.193388
4.028000 0.193722
4.032000 0.193960
4.036000 0.194189
4.040000 0.194522
4.044000 0.194777
4.048000 0.195203
4.052000 0.195692
4.056000 0.195855
4.060000 0.196082
4.064000 0.196270
4.068000 0.196789
4.072000 0.197255
4.076000 0.197558
4.080000 0.197771
4.084000 0.197860
4.088000 0.198305
4.092000 0.198746
4.096000 0.198883
4.100000 0.198991
4.104000 0.198971
4.108000 0.199041
4.112000 0.199156
4.116000 0.199478
4.120000 0.199807
4.124000 0.199991
4.128000 0.200192
4.132000 0.200448
4.136000 0.200648
4.140000 0.200675
4.144000 0.200888
4.148000 0.201189
4.152000 0.201474
4.156000 0.201693
4.160000 0.201910
4.164000 0.202223
4.168000 0.202495
4.172000 0.202660
4.176000 0.202661
4.180000 0.202473
4.184000 0.202467
4.188000 0.202625
4.192000 0.202775
4.196000 0.202854
4.200000 0.203106
4.204000 0.203505
4.208000 0.203799
4.212000 0.204018
4.216000 0.204243
4.220000 0.204438
4.224000 0.204665
4.228000 0.204785
4.232000 0.204929
4.236000 0.204871
4.240000 0.204780
4.244000 0.204895
4.248000 0.205176
4.252000 0.205606
4.256000 0.206125
4.260000 0.206613
4.264000 0.206803
4.268000 0.206863
4.272000 0.206985
4.276000 0.207206
4.280000 0.207104
4.284000 0.207091
4.288000 0.207449
4.292000 0.207876
4.296000 0.208091
4.300000 0.208559
4.304000 0.208997
4.308000 0.209156
4.312000 0.209384
4.316000 0.209546
4.320000 0.209743
4.324000 0.209764
4.328000 0.209642
4.332000 0.209674
4.336000 0.209772
4.340000 0.209932
4.344000 0.210285
4.348000 0.210761
4.352000 0.211116
4.356000 0.211420
4.360000 0.211805
4.364000 0.211983
4.368000 0.212026
4.372000 0.212233
4.376000 0.212656
4.380000 0.212840
4.384000 0.212882
4.388000 0.212728
4.392000 0.212883
4.396000 0.212985
4.400000 0.213350
4.404000 0.213754
4.408000 0.214002
4.412000 0.214240
4.416000 0.214515
4.420000 0.214773
4.424000 0.215099
4.428000 0.215421
4.432000 0.215455
4.436000 0.215578
4.440000 0.215878
4.444000 0.216077
4.448000 0.216429
4.452000 0.216922
4.456000 0.217235
4.460000 0.217540
4.464000 0.218091
4.468000 0.218483
4.472000 0.218778
4.476000 0.218967
4.480000 0.219161
4.484000 0.219134
4.488000 0.219284
4.492000 0.219954
4.496000 0.220412
4.500000 0.220617
4.504000 0.220704
4.508000 0.220918
4.512000 0.221015
4.516000 0.221355
4.520000 0.221678
4.524000 0.222000
4.528000 0.222249
4.532000 0.222506
4.536000 0.222950
4.540000 0.223313
4.544000 0.223628
4.548000 0.223885
4.552000 0.224220
4.556000 0.224330
4.560000 0.224298
4.564000 0.224329
4.568000 0.224238
4.572000 0.224267
4.576000 0.224409
4.580000 0.224402
4.584000 0.224369
4.588000 0.224489
4.592000 0.224777
4.596000 0.225021
4.600000 0.225369
4.604000 0.225867
4.608000 0.226166
4.612000 0.226229
4.616000 0.226208
4.620000 0.226022
4.624000 0.225959
4.628000 0.226074
4.632000 0.226269
4.636000 0.226378
4.640000 0.226415
4.644000 0.226684
4.648000 0.227091
4.652000 0.227430
4.656000 0.227746
4.660000 0.227750
4.664000 0.227669
4.668000 0.227471
4.672000 0.227578
4.676000 0.227791
4.680000 0.228002
4.684000 0.228266
4.688000 0.228561
4.692000 0.228995
4.696000 0.229415
4.700000 0.229686
4.704000 0.229862
4.708000 0.230186
4.712000 0.230249
4.716000 0.230237
4.720000 0.230284
4.724000 0.230563
4.728000 0.230957
4.732000 0.231258
4.736000 0.231429
4.740000 0.231437
4.744000 0.231494
4.748000 0.231604
4.752000 0.231644
4.756000 0.231692
4.760000 0.231904
4.764000 0.232220
4.768000 0.232650
4.772000 0.233011
4.776000 0.233170
4.780000 0.233249
4.784000 0.233341
4.788000 0.233599
4.792000 0.233917
4.796000 0.234118
4.800000 0.234527
4.804000 0.234961
4.808000 0.235199
4.812000 0.235548
4.816000 0.235659
4.820000 0.235913
4.824000 0.236103
4.828000 0.236142
4.832000 0.236547
4.836000 0.236978
4.840000 0.237267
4.844000 0.237529
4.848000 0.237603
4.852000 0.237726
4.856000 0.237891
4.860000 0.237910
4.864000 0.238162
4.868000 0.238547
4.872000 0.239050
4.876000 0.239579
4.880000 0.239973
4.884000 0.240248
4.888000 0.240570
4.892000 0.240818
4.896000 0.241017
4.900000 0.241293
4.904000 0.241551
4.908000 0.241722
4.912000 0.241844
4.916000 0.241808
4.920000 0.241736
4.924000 0.241760
4.928000 0.241677
4.932000 0.241479
4.936000 0.241691
4.940000 0.242023
4.944000 0.242384
4.948000 0.242547
4.952000 0.242764
4.956000 0.243029
4.960000 0.243100
4.964000 0.243468
4.968000 0.243713
4.972000 0.243927
4.976000 0.244134
4.980000 0.244291
4.984000 0.244355
4.988000 0.244536
4.992000 0.244830
4.996000 0.245049
