0.012000 0.001655
0.016000 0.002205
0.020000 0.002741
0.024000 0.003310
0.028000 0.003807
0.032000 0.004314
0.036000 0.004868
0.040000 0.005430
0.044000 0.005952
0.048000 0.006436
0.052000 0.006900
0.056000 0.007377
0.060000 0.007860
0.064000 0.008402
0.068000 0.009038
0.072000 0.009632
0.076000 0.010162
0.080000 0.010673
0.084000 0.011194
0.088000 0.011561
0.092000 0.011989
0.096000 0.012548
0.100000 0.013017
0.104000 0.013420
0.108000 0.013840
0.112000 0.014312
0.116000 0.014712
0.120000 0.015127
0.124000 0.015582
0.128000 0.016017
0.132000 0.016453
0.136000 0.016897
0.140000 0.017354
0.144000 0.017840
0.148000 0.018325
0.152000 0.018737
0.156000 0.019227
0.160000 0.019763
0.164000 0.020426
0.168000 0.021105
0.172000 0.021712
0.176000 0.022298
0.180000 0.022796
0.184000 0.023220
0.188000 0.023662
0.192000 0.024209
0.196000 0.024685
0.200000 0.025034
0.204000 0.025450
0.208000 0.025846
0.212000 0.026285
0.216000 0.026881
0.220000 0.027351
0.224000 0.027648
0.228000 0.028037
0.232000 0.028653
0.236000 0.029198
0.240000 0.029622
0.244000 0.030100
0.248000 0.030598
0.252000 0.031131
0.256000 0.031733
0.260000 0.032226
0.264000 0.032603
0.268000 0.032994
0.272000 0.033400
0.276000 0.033765
0.280000 0.033998
0.284000 0.034271
0.288000 0.034549
0.292000 0.034906
0.296000 0.035369
0.300000 0.035891
0.304000 0.036463
0.308000 0.036924
0.312000 0.037338
0.316000 0.037853
0.320000 0.038536
0.324000 0.039111
0.328000 0.039665
0.332000 0.040311
0.336000 0.040813
0.340000 0.041329
0.344000 0.041966
0.348000 0.042512
0.352000 0.043050
0.356000 0.043552
0.360000 0.044102
0.364000 0.044784
0.368000 0.045402
0.372000 0.045763
0.376000 0.046104
0.380000 0.046533
0.384000 0.047149
0.388000 0.047552
0.392000 0.048001
0.396000 0.048614
0.400000 0.049149
0.404000 0.049500
0.408000 0.049772
0.412000 0.050114
0.416000 0.050446
0.420000 0.051024
0.424000 0.051771
0.428000 0.052423
0.432000 0.052903
0.436000 0.053245
0.440000 0.053657
0.444000 0.053974
0.448000 0.054172
0.452000 0.054521
0.456000 0.055054
0.460000 0.055633
0.464000 0.055978
0.468000 0.056429
0.472000 0.056950
0.476000 0.057434
0.480000 0.058017
0.484000 0.058494
0.488000 0.058863
0.492000 0.059263
0.496000 0.059754
0.500000 0.060113
0.504000 0.060482
0.508000 0.060978
0.512000 0.061436
0.516000 0.061857
0.520000 0.062384
0.524000 0.063006
0.528000 0.063605
0.532000 0.064086
0.536000 0.064365
0.540000 0.064516
0.544000 0.064611
0.548000 0.064858
0.552000 0.065098
0.556000 0.065446
0.560000 0.065853
0.564000 0.066187
0.568000 0.066344
0.572000 0.066634
0.576000 0.066835
0.580000 0.067167
0.584000 0.067526
0.588000 0.068010
0.592000 0.068625
0.596000 0.069315
0.600000 0.069740
0.604000 0.069874
0.608000 0.070248
0.612000 0.070706
0.616000 0.071082
0.620000 0.071655
0.624000 0.072194
0.628000 0.072595
0.632000 0.072888
0.636000 0.073301
0.640000 0.073661
0.644000 0.073965
0.648000 0.074293
0.652000 0.074468
0.656000 0.074723
0.660000 0.075140
0.664000 0.075445
0.668000 0.075749
0.672000 0.076139
0.676000 0.076372
0.680000 0.076633
0.684000 0.077094
0.688000 0.077498
0.692000 0.077868
0.696000 0.078211
0.700000 0.078436
0.704000 0.078655
0.708000 0.078865
0.712000 0.079044
0.716000 0.079556
0.720000 0.080239
0.724000 0.080632
0.728000 0.080651
0.732000 0.080736
0.736000 0.081029
0.740000 0.081209
0.744000 0.081385
0.748000 0.081934
0.752000 0.082436
0.756000 0.082889
0.760000 0.083457
0.764000 0.084016
0.768000 0.084441
0.772000 0.084948
0.776000 0.085573
0.780000 0.086054
0.784000 0.086317
0.788000 0.086494
0.792000 0.086618
0.796000 0.086677
0.800000 0.086867
0.804000 0.087101
0.808000 0.087484
0.812000 0.087803
0.816000 0.088344
0.820000 0.089028
0.824000 0.089644
0.828000 0.090232
0.832000 0.090479
0.836000 0.090715
0.840000 0.091164
0.844000 0.091325
0.848000 0.091637
0.852000 0.092125
0.856000 0.092501
0.860000 0.092598
0.864000 0.092816
0.868000 0.093098
0.872000 0.093437
0.876000 0.093667
0.880000 0.093849
0.884000 0.094161
0.888000 0.094608
0.892000 0.095140
0.896000 0.095506
0.900000 0.095945
0.904000 0.096714
0.908000 0.097226
0.912000 0.097311
0.916000 0.097401
0.920000 0.097511
0.924000 0.097541
0.928000 0.097701
0.932000 0.097864
0.936000 0.098191
0.940000 0.098664
0.944000 0.098942
0.948000 0.099232
0.952000 0.099637
0.956000 0.100130
0.960000 0.100349
0.964000 0.100465
0.968000 0.100577
0.972000 0.100708
0.976000 0.101064
0.980000 0.101571
0.984000 0.102131
0.988000 0.102751
0.992000 0.103184
0.996000 0.103431
1.000000 0.103723
1.004000 0.104397
1.008000 0.105120
1.012000 0.105671
1.016000 0.106123
1.020000 0.106438
1.024000 0.106585
1.028000 0.106783
1.032000 0.107137
1.036000 0.107424
1.040000 0.107719
1.044000 0.107924
1.048000 0.108099
1.052000 0.108398
1.056000 0.108784
1.060000 0.109041
1.064000 0.109339
1.068000 0.109685
1.072000 0.110065
1.076000 0.110348
1.080000 0.110591
1.084000 0.110975
1.088000 0.111496
1.092000 0.111669
1.096000 0.111807
1.100000 0.112059
1.104000 0.112452
1.108000 0.112640
1.112000 0.112824
1.116000 0.113066
1.120000 0.113260
1.124000 0.113561
1.128000 0.113722
1.132000 0.113870
1.136000 0.114164
1.140000 0.114406
1.144000 0.114897
1.148000 0.115425
1.152000 0.115499
1.156000 0.115793
1.160000 0.116303
1.164000 0.116747
1.168000 0.117085
1.172000 0.117302
1.176000 0.117698
1.180000 0.118069
1.184000 0.118496
1.188000 0.119264
1.192000 0.120138
1.196000 0.120912
1.200000 0.121585
1.204000 0.121806
1.208000 0.121677
1.212000 0.121552
1.216000 0.121608
1.220000 0.121723
1.224000 0.121775
1.228000 0.121928
1.232000 0.122424
1.236000 0.122779
1.240000 0.123095
1.244000 0.123531
1.248000 0.123961
1.252000 0.124182
1.256000 0.124514
1.260000 0.124957
1.264000 0.125131
1.268000 0.125236
1.272000 0.125658
1.276000 0.126393
1.280000 0.127083
1.284000 0.127661
1.288000 0.128139
1.292000 0.128490
1.296000 0.128847
1.300000 0.129420
1.304000 0.129881
1.308000 0.130168
1.312000 0.130497
1.316000 0.130716
1.320000 0.130756
1.324000 0.131037
1.328000 0.131419
1.332000 0.131607
1.336000 0.131702
1.340000 0.131744
1.344000 0.131939
1.348000 0.132260
1.352000 0.132445
1.356000 0.132488
1.360000 0.132388
1.364000 0.132399
1.368000 0.132718
1.372000 0.132952
1.376000 0.133440
1.380000 0.133991
1.384000 0.134197
1.388000 0.134276
1.392000 0.134681
1.396000 0.135098
1.400000 0.135190
1.404000 0.135376
1.408000 0.135659
1.412000 0.135875
1.416000 0.135959
1.420000 0.135979
1.424000 0.136097
1.428000 0.136222
1.432000 0.136120
1.436000 0.136265
1.440000 0.136505
1.444000 0.136850
1.448000 0.137177
1.452000 0.137221
1.456000 0.137438
1.460000 0.137645
1.464000 0.137669
1.468000 0.137901
1.472000 0.138331
1.476000 0.138808
1.480000 0.139114
1.484000 0.139417
1.488000 0.139804
1.492000 0.140168
1.496000 0.140400
1.500000 0.140677
1.504000 0.141201
1.508000 0.141649
1.512000 0.141826
1.516000 0.141864
1.520000 0.142014
1.524000 0.141886
1.528000 0.141925
1.532000 0.142073
1.536000 0.142215
1.540000 0.142437
1.544000 0.142806
1.548000 0.143132
1.552000 0.143451
1.556000 0.143823
1.560000 0.144133
1.564000 0.144501
1.568000 0.144562
1.572000 0.144820
1.576000 0.145315
1.580000 0.145556
1.584000 0.145675
1.588000 0.145837
1.592000 0.146006
1.596000 0.146030
1.600000 0.146211
1.604000 0.146447
1.608000 0.146707
1.612000 0.147035
1.616000 0.147530
1.620000 0.147789
1.624000 0.147889
1.628000 0.148166
1.632000 0.148475
1.636000 0.148740
1.640000 0.148869
1.644000 0.148905
1.648000 0.149063
1.652000 0.149261
1.656000 0.149432
1.660000 0.149873
1.664000 0.150342
1.668000 0.150509
1.672000 0.150865
1.676000 0.151241
1.680000 0.151453
1.684000 0.151595
1.688000 0.151758
1.692000 0.151918
1.696000 0.152006
1.700000 0.152283
1.704000 0.152771
1.708000 0.152987
1.712000 0.153026
1.716000 0.153365
1.720000 0.153675
1.724000 0.153814
1.728000 0.153906
1.732000 0.154024
1.736000 0.154353
1.740000 0.154627
1.744000 0.154836
1.748000 0.154994
1.752000 0.155062
1.756000 0.155222
1.760000 0.155744
1.764000 0.156220
1.768000 0.156837
1.772000 0.157419
1.776000 0.157630
1.780000 0.157680
1.784000 0.157694
1.788000 0.157570
1.792000 0.157672
1.796000 0.157908
1.800000 0.158012
1.804000 0.158098
1.808000 0.158299
1.812000 0.158390
1.816000 0.158324
1.820000 0.158298
1.824000 0.158203
1.828000 0.158150
1.832000 0.158157
1.836000 0.158299
1.840000 0.158456
1.844000 0.158743
1.848000 0.159009
1.852000 0.159121
1.856000 0.159211
1.860000 0.159549
1.864000 0.160035
1.868000 0.160121
1.872000 0.160054
1.876000 0.160064
1.880000 0.160413
1.884000 0.160822
1.888000 0.160913
1.892000 0.161026
1.896000 0.161202
1.900000 0.161311
1.904000 0.161320
1.908000 0.161255
1.912000 0.161327
1.916000 0.161736
1.920000 0.162111
1.924000 0.162001
1.928000 0.161789
1.932000 0.161921
1.936000 0.162353
1.940000 0.162623
1.944000 0.162835
1.948000 0.162943
1.952000 0.163122
1.956000 0.163093
1.960000 0.163181
1.964000 0.163330
1.968000 0.163445
1.972000 0.163539
1.976000 0.163577
1.980000 0.163461
1.984000 0.163496
1.988000 0.163715
1.992000 0.163709
1.996000 0.163700
2.000000 0.163948
2.004000 0.164206
2.008000 0.164466
2.012000 0.164766
2.016000 0.165207
2.020000 0.165456
2.024000 0.165618
2.028000 0.165702
2.032000 0.165959
2.036000 0.166147
2.040000 0.166223
2.044000 0.166445
2.048000 0.166672
2.052000 0.166802
2.056000 0.167056
2.060000 0.167144
2.064000 0.167079
2.068000 0.167317
2.072000 0.167596
2.076000 0.167771
2.080000 0.167919
2.084000 0.168101
2.088000 0.168343
2.092000 0.168537
2.096000 0.168823
2.100000 0.169263
2.104000 0.169703
2.108000 0.170247
2.112000 0.170850
2.116000 0.171256
2.120000 0.171463
2.124000 0.171472
2.128000 0.171663
2.132000 0.171876
2.136000 0.171930
2.140000 0.171860
2.144000 0.171832
2.148000 0.171903
2.152000 0.172223
2.156000 0.172719
2.160000 0.172843
2.164000 0.172791
2.168000 0.172809
2.172000 0.172995
2.176000 0.173031
2.180000 0.173083
2.184000 0.173179
2.188000 0.173429
2.192000 0.173594
2.196000 0.173578
2.200000 0.173775
2.204000 0.174027
2.208000 0.174093
2.212000 0.173982
2.216000 0.174091
2.220000 0.174313
2.224000 0.174524
2.228000 0.174821
2.232000 0.174994
2.236000 0.175161
2.240000 0.175463
2.244000 0.175921
2.248000 0.176198
2.252000 0.176295
2.256000 0.176532
2.260000 0.176814
2.264000 0.176794
2.268000 0.176550
2.272000 0.176386
2.276000 0.176553
2.280000 0.176797
2.284000 0.176976
2.288000 0.176970
2.292000 0.176971
2.296000 0.176997
2.300000 0.177237
2.304000 0.177381
2.308000 0.177368
2.312000 0.177265
2.316000 0.177259
2.320000 0.177389
2.324000 0.177539
2.328000 0.177538
2.332000 0.177490
2.336000 0.177207
2.340000 0.177032
2.344000 0.176924
2.348000 0.176825
2.352000 0.176835
2.356000 0.177029
2.360000 0.177140
2.364000 0.177017
2.368000 0.176927
2.372000 0.177174
2.376000 0.177399
2.380000 0.177498
2.384000 0.177561
2.388000 0.177730
2.392000 0.177893
2.396000 0.177989
2.400000 0.178072
2.404000 0.178350
2.408000 0.178553
2.412000 0.178621
2.416000 0.178769
2.420000 0.178780
2.424000 0.178899
2.428000 0.179272
2.432000 0.179727
2.436000 0.179936
2.440000 0.180074
2.444000 0.180169
2.448000 0.180296
2.452000 0.180684
2.456000 0.181106
2.460000 0.181251
2.464000 0.181122
2.468000 0.181018
2.472000 0.180947
2.476000 0.180813
2.480000 0.180637
2.484000 0.180479
2.488000 0.180533
2.492000 0.180739
2.496000 0.180976
2.500000 0.181009
2.504000 0.181087
2.508000 0.181113
2.512000 0.181064
2.516000 0.181127
2.520000 0.181338
2.524000 0.181695
2.528000 0.181978
2.532000 0.182228
2.536000 0.182549
2.540000 0.182933
2.544000 0.183298
2.548000 0.183462
2.552000 0.183489
2.556000 0.183502
2.560000 0.183469
2.564000 0.183550
2.568000 0.183637
2.572000 0.183587
2.576000 0.183629
2.580000 0.183896
2.584000 0.184134
2.588000 0.184199
2.592000 0.184243
2.596000 0.184357
2.600000 0.184421
2.604000 0.184365
2.608000 0.184512
2.612000 0.184733
2.616000 0.184652
2.620000 0.184525
2.624000 0.184610
2.628000 0.184747
2.632000 0.184741
2.636000 0.184573
2.640000 0.184175
2.644000 0.183786
2.648000 0.183918
2.652000 0.184090
2.656000 0.184378
2.660000 0.184739
2.664000 0.184991
2.668000 0.185160
2.672000 0.185139
2.676000 0.184914
2.680000 0.184791
2.684000 0.184964
2.688000 0.185099
2.692000 0.185239
2.696000 0.185477
2.700000 0.185626
2.704000 0.185822
2.708000 0.185886
2.712000 0.185947
2.716000 0.186068
2.720000 0.186086
2.724000 0.186034
2.728000 0.186012
2.732000 0.186044
2.736000 0.186168
2.740000 0.186427
2.744000 0.186680
2.748000 0.186891
2.752000 0.186957
2.756000 0.186927
2.760000 0.186841
2.764000 0.186666
2.768000 0.186624
2.772000 0.186710
2.776000 0.186781
2.780000 0.186813
2.784000 0.186794
2.788000 0.186664
2.792000 0.186696
2.796000 0.186721
2.800000 0.186696
2.804000 0.186618
2.808000 0.186737
2.812000 0.187003
2.816000 0.187063
2.820000 0.187207
2.824000 0.187407
2.828000 0.187653
2.832000 0.187852
2.836000 0.187917
2.840000 0.187895
2.844000 0.187746
2.848000 0.187541
2.852000 0.187451
2.856000 0.187225
2.860000 0.187098
2.864000 0.187064
2.868000 0.187283
2.872000 0.187553
2.876000 0.187660
2.880000 0.187354
2.884000 0.187094
2.888000 0.186900
2.892000 0.186897
2.896000 0.187034
2.900000 0.187233
2.904000 0.187450
2.908000 0.187385
2.912000 0.187398
2.916000 0.187431
2.920000 0.187548
2.924000 0.187744
2.928000 0.187950
2.932000 0.188211
2.936000 0.188415
2.940000 0.188512
2.944000 0.188485
2.948000 0.188269
2.952000 0.188131
2.956000 0.188407
2.960000 0.188611
2.964000 0.188688
2.968000 0.188773
2.972000 0.188747
2.976000 0.188556
2.980000 0.188487
2.984000 0.188655
2.988000 0.188835
2.992000 0.188976
2.996000 0.189093
3.000000 0.189281
3.004000 0.189446
3.008000 0.189534
3.012000 0.189309
3.016000 0.189101
3.020000 0.189350
3.024000 0.189672
3.028000 0.189940
3.032000 0.190135
3.036000 0.190214
3.040000 0.190383
3.044000 0.190532
3.048000 0.190721
3.052000 0.190978
3.056000 0.191133
3.060000 0.191278
3.064000 0.191242
3.068000 0.191272
3.072000 0.191552
3.076000 0.191773
3.080000 0.191842
3.084000 0.191841
3.088000 0.191911
3.092000 0.191914
3.096000 0.191881
3.100000 0.191893
3.104000 0.192004
3.108000 0.192222
3.112000 0.192399
3.116000 0.192791
3.120000 0.193132
3.124000 0.193404
3.128000 0.193566
3.132000 0.193362
3.136000 0.193135
3.140000 0.193025
3.144000 0.192956
3.148000 0.192959
3.152000 0.192996
3.156000 0.193006
3.160000 0.193214
3.164000 0.193396
3.168000 0.193450
3.172000 0.193624
3.176000 0.193766
3.180000 0.193825
3.184000 0.193891
3.188000 0.194021
3.192000 0.194220
3.196000 0.194130
3.200000 0.194129
3.204000 0.194000
3.208000 0.193639
3.212000 0.193592
3.216000 0.193704
3.220000 0.193661
3.224000 0.193519
3.228000 0.193572
3.232000 0.193532
3.236000 0.193501
3.240000 0.193376
3.244000 0.193549
3.248000 0.193895
3.252000 0.194301
3.256000 0.194649
3.260000 0.194819
3.264000 0.194891
3.268000 0.195101
3.272000 0.195155
3.276000 0.195150
3.280000 0.195306
3.284000 0.195643
3.288000 0.196080
3.292000 0.196459
3.296000 0.196698
3.300000 0.196960
3.304000 0.197219
3.308000 0.197306
3.312000 0.197524
3.316000 0.197823
3.320000 0.198026
3.324000 0.198409
3.328000 0.198797
3.332000 0.198980
3.336000 0.199201
3.340000 0.199387
3.344000 0.199537
3.348000 0.199570
3.352000 0.199335
3.356000 0.199196
3.360000 0.199341
3.364000 0.199516
3.368000 0.199545
3.372000 0.199421
3.376000 0.199346
3.380000 0.199269
3.384000 0.199146
3.388000 0.198918
3.392000 0.198779
3.396000 0.198595
3.400000 0.198332
3.404000 0.198270
3.408000 0.198315
3.412000 0.198458
3.416000 0.198588
3.420000 0.198715
3.424000 0.198868
3.428000 0.199050
3.432000 0.199066
3.436000 0.198977
3.440000 0.198859
3.444000 0.198695
3.448000 0.198677
3.452000 0.198941
3.456000 0.199393
3.460000 0.199580
3.464000 0.199564
3.468000 0.199454
3.472000 0.199387
3.476000 0.199521
3.480000 0.199846
3.484000 0.200224
3.488000 0.200423
3.492000 0.200444
3.496000 0.200370
3.500000 0.200208
3.504000 0.200145
3.508000 0.200162
3.512000 0.200167
3.516000 0.200410
3.520000 0.200813
3.524000 0.201097
3.528000 0.201387
3.532000 0.201730
3.536000 0.202023
3.540000 0.202086
3.544000 0.202049
3.548000 0.201990
3.552000 0.202065
3.556000 0.202105
3.560000 0.201826
3.564000 0.201597
3.568000 0.201513
3.572000 0.201749
3.576000 0.202019
3.580000 0.201964
3.584000 0.201728
3.588000 0.201476
3.592000 0.201343
3.596000 0.201307
3.600000 0.201331
3.604000 0.201414
3.608000 0.201492
3.612000 0.201437
3.616000 0.201320
3.620000 0.201205
3.624000 0.200969
3.628000 0.200650
3.632000 0.200444
3.636000 0.200367
3.640000 0.200318
3.644000 0.200162
3.648000 0.200253
3.652000 0.200505
3.656000 0.200720
3.660000 0.201011
3.664000 0.201187
3.668000 0.201137
3.672000 0.201207
3.676000 0.201179
3.680000 0.201159
3.684000 0.201184
3.688000 0.201510
3.692000 0.201886
3.696000 0.202291
3.700000 0.202549
3.704000 0.202821
3.708000 0.203085
3.712000 0.202964
3.716000 0.202769
3.720000 0.202730
3.724000 0.202921
3.728000 0.202847
3.732000 0.202754
3.736000 0.202790
3.740000 0.202676
3.744000 0.202622
3.748000 0.202751
3.752000 0.202957
3.756000 0.203074
3.760000 0.203142
3.764000 0.203302
3.768000 0.203348
3.772000 0.203392
3.776000 0.203425
3.780000 0.203584
3.784000 0.203703
3.788000 0.203732
3.792000 0.203992
3.796000 0.204226
3.800000 0.204307
3.804000 0.204287
3.808000 0.204390
3.812000 0.204553
3.816000 0.204608
3.820000 0.204799
3.824000 0.205179
3.828000 0.205327
3.832000 0.205333
3.836000 0.205258
3.840000 0.205315
3.844000 0.205633
3.848000 0.205876
3.852000 0.206107
3.856000 0.206505
3.860000 0.206943
3.864000 0.207229
3.868000 0.207350
3.872000 0.207438
3.876000 0.207670
3.880000 0.207735
3.884000 0.207555
3.888000 0.207594
3.892000 0.207750
3.896000 0.207700
3.900000 0.207553
3.904000 0.207305
3.908000 0.207211
3.912000 0.207224
3.916000 0.207385
3.920000 0.207438
3.924000 0.207298
3.928000 0.207421
3.932000 0.207552
3.936000 0.207505
3.940000 0.207636
3.944000 0.208007
3.948000 0.208298
3.952000 0.208379
3.956000 0.208305
3.960000 0.208446
3.964000 0.208688
3.968000 0.208703
3.972000 0.208678
3.976000 0.208849
3.980000 0.209126
3.984000 0.209261
3.988000 0.209318
3.992000 0.209241
3.996000 0.209256
4.000000 0.209370
4.004000 0.209564
4.008000 0.209777
4.012000 0.209907
4.016000 0.210105
4.020000 0.210228
4.024000 0.210276
4.028000 0.210184
4.032000 0.210002
4.036000 0.209949
4.040000 0.210011
4.044000 0.210061
4.048000 0.209996
4.052000 0.209566
4.056000 0.209274
4.060000 0.209266
4.064000 0.209436
4.068000 0.209491
4.072000 0.209499
4.076000 0.209609
4.080000 0.209727
4.084000 0.209741
4.088000 0.209885
4.092000 0.210183
4.096000 0.210609
4.100000 0.211055
4.104000 0.211247
4.108000 0.211112
4.112000 0.210987
4.116000 0.210893
4.120000 0.210941
4.124000 0.211212
4.128000 0.211331
4.132000 0.211556
4.136000 0.211860
4.140000 0.212040
4.144000 0.212050
4.148000 0.211927
4.152000 0.211886
4.156000 0.211804
4.160000 0.211754
4.164000 0.211972
4.168000 0.212314
4.172000 0.212569
4.176000 0.212523
4.180000 0.212298
4.184000 0.212072
4.188000 0.211928
4.192000 0.211789
4.196000 0.211740
4.200000 0.211473
4.204000 0.211086
4.208000 0.210941
4.212000 0.210957
4.216000 0.211074
4.220000 0.211138
4.224000 0.211203
4.228000 0.211234
4.232000 0.211298
4.236000 0.211425
4.240000 0.211612
4.244000 0.211825
4.248000 0.212075
4.252000 0.212129
4.256000 0.212145
4.260000 0.212132
4.264000 0.212255
4.268000 0.212558
4.272000 0.212702
4.276000 0.212844
4.280000 0.212971
4.284000 0.212959
4.288000 0.212856
4.292000 0.212789
4.296000 0.212775
4.300000 0.212896
4.304000 0.213066
4.308000 0.213241
4.312000 0.213483
4.316000 0.213639
4.320000 0.213720
4.324000 0.213894
4.328000 0.214172
4.332000 0.214225
4.336000 0.213967
4.340000 0.213692
4.344000 0.213431
4.348000 0.213235
4.352000 0.212986
4.356000 0.212758
4.360000 0.212801
4.364000 0.212854
4.368000 0.213016
4.372000 0.213134
4.376000 0.213186
4.380000 0.212983
4.384000 0.212850
4.388000 0.213023
4.392000 0.213128
4.396000 0.213190
4.400000 0.213070
4.404000 0.213030
4.408000 0.213140
4.412000 0.213341
4.416000 0.213678
4.420000 0.214035
4.424000 0.214060
4.428000 0.214036
4.432000 0.214061
4.436000 0.214044
4.440000 0.214169
4.444000 0.214418
4.448000 0.214489
4.452000 0.214406
4.456000 0.214226
4.460000 0.214092
4.464000 0.214091
4.468000 0.214173
4.472000 0.214306
4.476000 0.214476
4.480000 0.214717
4.484000 0.214769
4.488000 0.214546
4.492000 0.214349
4.496000 0.214304
4.500000 0.214183
4.504000 0.214209
4.508000 0.214247
4.512000 0.214190
4.516000 0.214090
4.520000 0.214173
4.524000 0.214347
4.528000 0.214425
4.532000 0.214485
4.536000 0.214469
4.540000 0.214472
4.544000 0.214453
4.548000 0.214362
4.552000 0.214272
4.556000 0.214124
4.560000 0.214027
4.564000 0.213909
4.568000 0.213737
4.572000 0.213615
4.576000 0.213574
4.580000 0.213478
4.584000 0.213511
4.588000 0.213591
4.592000 0.213632
4.596000 0.213745
4.600000 0.213903
4.604000 0.213977
4.608000 0.213934
4.612000 0.213866
4.616000 0.213984
4.620000 0.214041
4.624000 0.213818
4.628000 0.213467
4.632000 0.213294
4.636000 0.213382
4.640000 0.213494
4.644000 0.213487
4.648000 0.213373
4.652000 0.213344
4.656000 0.213379
4.660000 0.213546
4.664000 0.213695
4.668000 0.213788
4.672000 0.213871
4.676000 0.214012
4.680000 0.214174
4.684000 0.214062
4.688000 0.213841
4.692000 0.213932
4.696000 0.214001
4.700000 0.213971
4.704000 0.213926
4.708000 0.214000
4.712000 0.214086
4.716000 0.214253
4.720000 0.214488
4.724000 0.214589
4.728000 0.214676
4.732000 0.214744
4.736000 0.214810
4.740000 0.214850
4.744000 0.214823
4.748000 0.214759
4.752000 0.214701
4.756000 0.214764
4.760000 0.214943
4.764000 0.215187
4.768000 0.215445
4.772000 0.215442
4.776000 0.215393
4.780000 0.215585
4.784000 0.215897
4.788000 0.216062
4.792000 0.215994
4.796000 0.215933
4.800000 0.215924
4.804000 0.215845
4.808000 0.215859
4.812000 0.216071
4.816000 0.216336
4.820000 0.216705
4.824000 0.216969
4.828000 0.216973
4.832000 0.216883
4.836000 0.216799
4.840000 0.216792
4.844000 0.216823
4.848000 0.216909
4.852000 0.216882
4.856000 0.216752
4.860000 0.216849
4.864000 0.216925
4.868000 0.216960
4.872000 0.217106
4.876000 0.217308
4.880000 0.217392
4.884000 0.217187
4.888000 0.217078
4.892000 0.217204
4.896000 0.217348
4.900000 0.217445
4.904000 0.217661
4.908000 0.217737
4.912000 0.217796
4.916000 0.217746
4.920000 0.217601
4.924000 0.217713
4.928000 0.217792
4.932000 0.217839
4.936000 0.217871
4.940000 0.217842
4.944000 0.217976
4.948000 0.218169
4.952000 0.218219
4.956000 0.218429
4.960000 0.218642
4.964000 0.218677
4.968000 0.218529
4.972000 0.218372
4.976000 0.218465
4.980000 0.218646
4.984000 0.218582
4.988000 0.218396
4.992000 0.218417
4.996000 0.218630
